-0.06269310 0.16777475 -0.06071679
-0.06332251 0.17474492 -0.06099846
-0.06657734 0.15769647 -0.05305108
-0.07046570 0.16839050 -0.05027413
-0.06490409 0.16517930 -0.05540537
-0.07313477 0.17636321 -0.05256008
-0.06510261 0.17527491 -0.05562213
-0.07210724 0.18073666 -0.05382973
-0.06798562 0.18076804 -0.05695513
-0.07178543 0.14986467 -0.04139524
-0.06957455 0.14963949 -0.04058890
-0.07113438 0.15511742 -0.04436311
-0.06577316 0.15543431 -0.04530056
-0.07226933 0.16534439 -0.04477439
-0.06343100 0.16534707 -0.04534051
-0.07515787 0.17519982 -0.04528360
-0.06670891 0.17321458 -0.04554152
-0.03327524 0.03677191 -0.03047825
-0.02945905 0.03557720 -0.03009790
-0.03161137 0.04090240 -0.03007357
-0.01405323 0.04903424 -0.03062996
-0.00514690 0.04892795 -0.03055148
0.00135727 0.04966290 -0.03036320
-0.02232777 0.05713894 -0.03170410
-0.01518698 0.05552656 -0.03354995
-0.00516999 0.05551066 -0.03280881
0.00445753 0.05627393 -0.03100138
0.01033740 0.05533490 -0.03002210
-0.02435979 0.06569855 -0.03393485
-0.01518768 0.06521558 -0.03693124
-0.00521911 0.06558732 -0.03521635
0.00479017 0.06541773 -0.03274636
0.01245969 0.06674523 -0.03076752
-0.03123734 0.07649309 -0.03177200
-0.02551124 0.07514440 -0.03648366
-0.01530235 0.07515788 -0.03856442
-0.00526244 0.07556687 -0.03680480
0.00473874 0.07542650 -0.03441256
0.01255745 0.07509693 -0.03123870
-0.03084393 0.08312923 -0.03162826
-0.02551578 0.08528896 -0.03614190
-0.01514339 0.08557718 -0.03844025
-0.00531473 0.08553515 -0.03695464
0.00476789 0.08529858 -0.03373288
0.01217791 0.08516775 -0.03086515
-0.02348213 0.09236823 -0.03300422
-0.01467047 0.09391470 -0.03392423
-0.00505609 0.09405037 -0.03339882
0.00437925 0.09283055 -0.03197672
0.01110080 0.09092256 -0.03038173
-0.07221568 0.14904137 -0.03506988
-0.06779422 0.14885564 -0.03417635
-0.07287744 0.15543233 -0.03540620
-0.06330280 0.15491802 -0.03521017
-0.07661242 0.16530216 -0.03523805
-0.06399699 0.16589387 -0.03471002
-0.07431653 0.17188875 -0.03582569
-0.06841487 0.17116416 -0.03609939
-0.04322017 0.03583135 -0.02402489
-0.03545460 0.03459215 -0.02582070
-0.02496320 0.03541747 -0.02604051
-0.01520724 0.03568238 -0.02500018
-0.00521017 0.03591229 -0.02399927
0.00468958 0.03654755 -0.02319688
0.01283406 0.03735110 -0.02180486
-0.04206382 0.04230629 -0.02241342
-0.03506636 0.04473820 -0.02567350
-0.02538741 0.04506599 -0.02784711
-0.01542077 0.04403656 -0.02788614
-0.00511389 0.04355786 -0.02688464
0.00504103 0.04475423 -0.02602037
0.01488078 0.04498988 -0.02399289
0.02146125 0.04728022 -0.02129084
-0.03007940 0.05862075 -0.02041330
-0.02705414 0.05461298 -0.02532836
0.00634847 0.05172686 -0.02950909
0.01491088 0.05518537 -0.02821386
0.02384542 0.05511755 -0.02375529
-0.03119417 0.06631414 -0.02344547
-0.02894608 0.06319446 -0.02706039
0.01645320 0.06411023 -0.02891571
0.02464920 0.06484064 -0.02422920
-0.05426408 0.07973571 -0.02044844
-0.04925850 0.07972910 -0.02008870
-0.03334453 0.07510263 -0.02506219
0.01751113 0.07517576 -0.02887708
0.02501103 0.07491419 -0.02482133
0.03051034 0.07607863 -0.02081331
-0.05522843 0.08555133 -0.02133860
-0.04529781 0.08560438 -0.02148263
-0.03475523 0.08503886 -0.02492021
-0.02978510 0.08902610 -0.02958490
0.01721407 0.08541076 -0.02829692
0.02494835 0.08489396 -0.02386476
0.03024503 0.08452050 -0.02016259
-0.05462962 0.09531457 -0.02153211
-0.04533648 0.09564975 -0.02202838
-0.03538613 0.09457024 -0.02339048
-0.02606544 0.09534603 -0.02589707
-0.01515706 0.09788082 -0.02673512
-0.00463009 0.09862636 -0.02693948
0.00524089 0.09738095 -0.02621632
0.01485598 0.09466769 -0.02535406
0.02374230 0.09447585 -0.02189462
-0.05242455 0.10237709 -0.02076283
-0.04484124 0.10362212 -0.02091444
-0.03519923 0.10375282 -0.02124210
-0.02508203 0.10457869 -0.02262050
-0.01531158 0.10551679 -0.02245047
-0.00522781 0.10516124 -0.02272378
0.00426311 0.10456065 -0.02129367
0.01464732 0.10210782 -0.02154485
0.02178147 0.10125967 -0.02052695
-0.02127475 0.11001150 -0.02050795
-0.01118440 0.11011500 -0.02064130
-0.00558436 0.11120311 -0.02082037
0.00332094 0.11081792 -0.02020885
-0.07322399 0.14832684 -0.02539168
-0.06616053 0.14752170 -0.02507229
-0.07491635 0.15548547 -0.02540936
-0.06212235 0.15421487 -0.02517835
-0.07594357 0.16559765 -0.02529861
-0.06536561 0.16476271 -0.02519837
-0.02065890 0.16973500 -0.02018205
-0.01381594 0.16843258 -0.02229157
-0.00935447 0.16849086 -0.02263595
-0.07185331 0.17038400 -0.02911192
-0.02205546 0.17508982 -0.02119689
-0.01356433 0.17557149 -0.02490411
-0.00927116 0.17414834 -0.02652917
-0.02120173 0.18222925 -0.02114491
-0.01475961 0.18291630 -0.02466532
-0.05401263 0.03604629 -0.01136346
-0.04601102 0.03566157 -0.01472716
-0.03494083 0.03641317 -0.01545701
-0.02503533 0.03780596 -0.01596510
-0.01511734 0.03733949 -0.01582037
-0.00514023 0.03691479 -0.01533232
0.00479288 0.03598244 -0.01456957
0.01560276 0.03583832 -0.01499517
0.02011750 0.03903060 -0.01269857
-0.05199553 0.04112171 -0.01063378
-0.04441796 0.04459852 -0.01354499
-0.03648213 0.04849916 -0.01547804
0.01959430 0.04143500 -0.01967630
0.02416833 0.04515071 -0.01526474
0.03017710 0.04969650 -0.01121950
-0.05061780 0.05902610 -0.01004280
-0.04436758 0.05542432 -0.01118890
-0.03375723 0.05510349 -0.01330511
-0.02980133 0.05185087 -0.01902907
0.02881778 0.05429581 -0.01814699
0.03236964 0.05581958 -0.01356351
-0.06266346 0.06866103 -0.01168394
-0.05387573 0.06678198 -0.01228198
-0.04518141 0.06508514 -0.01404237
-0.03525325 0.06470544 -0.01564920
0.02925608 0.06440690 -0.01988725
0.03498438 0.06515633 -0.01487589
-0.07268193 0.07731410 -0.01249644
-0.06510276 0.07521734 -0.01580061
-0.05536591 0.07473327 -0.01770600
-0.04511704 0.07522377 -0.01803908
-0.03755398 0.07484269 -0.01848636
0.03529564 0.07502140 -0.01525440
-0.07470392 0.08517116 -0.01393071
-0.06529514 0.08523570 -0.01843569
-0.05978280 0.08107230 -0.01979110
-0.04476520 0.08117380 -0.01999800
0.03570273 0.08522625 -0.01639651
0.04036315 0.08552013 -0.01114263
-0.07482981 0.09484201 -0.01351377
-0.06534211 0.09527126 -0.01747770
-0.05921036 0.09687071 -0.01939612
0.02798586 0.09685986 -0.01870569
0.03437946 0.09445767 -0.01442508
-0.07314688 0.10397302 -0.01171960
-0.06539431 0.10528982 -0.01534763
-0.05593811 0.10611168 -0.01850777
-0.04594257 0.10827201 -0.01907002
-0.03530381 0.10889069 -0.01933772
-0.02889973 0.10930625 -0.01922870
0.00879633 0.10824433 -0.01982960
0.01561045 0.10701761 -0.01835866
0.02538996 0.10532799 -0.01590222
0.03268317 0.10394546 -0.01222294
-0.07090290 0.11078600 -0.01013110
-0.06405649 0.11384736 -0.01212516
-0.05504028 0.11536523 -0.01477207
-0.04482092 0.11498009 -0.01586899
-0.03496598 0.11539067 -0.01511982
-0.02505732 0.11538773 -0.01514085
-0.01543458 0.11563505 -0.01608997
-0.00519570 0.11597378 -0.01666152
0.00517958 0.11575398 -0.01757989
0.01498780 0.11518527 -0.01516345
0.02383421 0.11311820 -0.01213711
-0.05304604 0.12110322 -0.01107243
-0.04513867 0.12184472 -0.01175922
-0.03807621 0.12137911 -0.01104064
-0.02185580 0.12000400 -0.01101640
-0.01269881 0.12079260 -0.01134993
-0.00503247 0.12165914 -0.01171776
0.00532371 0.12183028 -0.01224035
0.01269112 0.12137134 -0.01157671
-0.07376636 0.14669736 -0.01487770
-0.06482805 0.14585215 -0.01476547
-0.07666400 0.15549262 -0.01520339
-0.06306995 0.15523018 -0.01483598
-0.04090250 0.15857960 -0.01068784
-0.03460358 0.15770796 -0.01148044
-0.02541375 0.15861817 -0.01159256
-0.01817325 0.15965350 -0.01079915
-0.07408279 0.16300640 -0.01558722
-0.06701601 0.16245243 -0.01591433
-0.04134195 0.16430806 -0.01106735
-0.03464612 0.16519994 -0.01435351
-0.02431482 0.16555029 -0.01544738
-0.01485703 0.16497506 -0.01520889
-0.00976857 0.16770117 -0.01913260
-0.03370476 0.17398630 -0.01357969
-0.02507376 0.17545210 -0.01523357
-0.01650891 0.17441300 -0.01769547
-0.02329235 0.18305914 -0.01428557
-0.01823709 0.18403731 -0.01775848
-0.07075305 0.03602423 -0.00084529
-0.06465250 0.03539501 -0.00553689
-0.05536600 0.03406361 -0.00550737
-0.04536949 0.03369064 -0.00500313
-0.03386904 0.03818849 -0.00533659
-0.02489256 0.03839472 -0.00503085
-0.01481889 0.03866393 -0.00501180
-0.00480372 0.03896364 -0.00513349
0.00514452 0.03719741 -0.00520301
0.01524744 0.03476609 -0.00553585
0.02321629 0.03757611 -0.00381741
0.03341271 0.03918097 -0.00113572
-0.06411927 0.04268306 -0.00368048
-0.05557929 0.04513021 -0.00652138
-0.04838955 0.04751616 -0.00942987
0.02632537 0.04323142 -0.00704248
0.03480280 0.04535116 -0.00521639
0.04391603 0.04665114 -0.00325240
0.05047220 0.04891800 -0.00068491
-0.05438257 0.05483826 -0.00479914
-0.04844693 0.05226479 -0.00927411
0.03649994 0.05434244 -0.00718310
0.04476534 0.05498875 -0.00546680
0.05244066 0.05600782 -0.00261654
-0.07200804 0.06832054 -0.00245745
-0.06516659 0.06454416 -0.00429254
-0.05651931 0.06239456 -0.00636833
0.03914663 0.06292623 -0.00819742
0.04398333 0.06479471 -0.00344989
0.05262371 0.06291827 -0.00171626
-0.08107033 0.07759741 -0.00257764
-0.07646239 0.07448690 -0.00597680
-0.06909415 0.07035565 -0.00848841
0.03964906 0.07588434 -0.00979104
0.04252692 0.07460978 -0.00494036
-0.08295360 0.08535039 -0.00418365
-0.07908531 0.08393479 -0.00913318
0.04289622 0.08457271 -0.00529274
-0.08350461 0.09507146 -0.00452519
-0.07928124 0.09596391 -0.00933145
0.03864318 0.09741964 -0.00825949
0.04188224 0.09409830 -0.00468498
-0.08233336 0.10432099 -0.00312615
-0.07733501 0.10602626 -0.00770977
0.03667643 0.10543042 -0.00551594
0.04082988 0.10159183 -0.00147344
-0.08282214 0.11602160 -0.00196096
-0.07539025 0.11504762 -0.00635434
-0.06657913 0.11761229 -0.00907482
0.01939520 0.11979750 -0.00910708
0.02650595 0.11686463 -0.00632996
0.03255011 0.11314610 -0.00377503
-0.08422010 0.12506674 -0.00326772
-0.07540850 0.12522271 -0.00754348
-0.06521910 0.12533514 -0.00873604
-0.05515622 0.12551495 -0.00703461
-0.04482429 0.12661484 -0.00520925
-0.03510050 0.12416171 -0.00516419
-0.02502838 0.12276729 -0.00541983
-0.01528526 0.12426466 -0.00555113
-0.00493282 0.12670889 -0.00557786
0.00506633 0.12684175 -0.00542641
0.01497685 0.12462465 -0.00511883
0.02276119 0.12189131 -0.00293491
-0.08260089 0.13463746 -0.00214857
-0.07540040 0.13537741 -0.00649404
-0.06490159 0.13556887 -0.00772413
-0.05502215 0.13507038 -0.00387986
-0.04953806 0.13147467 -0.00086849
-0.08083981 0.14291476 -0.00148151
-0.07630007 0.14476767 -0.00601681
-0.06291270 0.14485234 -0.00633347
-0.05552542 0.14493552 -0.00206523
-0.04535459 0.14786701 -0.00246208
-0.03935230 0.14938726 -0.00140543
-0.07550491 0.15489973 -0.00517441
-0.06557655 0.15470964 -0.00498372
-0.05383358 0.15450965 -0.00271571
-0.04485127 0.15438685 -0.00704935
-0.03478556 0.15319045 -0.00543096
-0.02551977 0.15693206 -0.00468563
-0.01848582 0.15924801 -0.00833391
-0.07185424 0.16077086 -0.00878841
-0.06905357 0.16035433 -0.00909737
-0.05159558 0.16280565 -0.00244322
-0.04609620 0.16581652 -0.00626076
-0.03355917 0.16561097 -0.00311664
-0.02564185 0.16452418 -0.00663894
-0.01745447 0.16216776 -0.00809902
-0.04192202 0.17184973 -0.00469280
-0.03451478 0.17483558 -0.00480168
-0.02807359 0.17557891 -0.00762216
-0.02676705 0.18076357 -0.00855368
-0.07161187 0.03647516 0.00514745
-0.06526081 0.03372773 0.00529639
-0.05502975 0.03356737 0.00507464
-0.04494169 0.03409624 0.00527474
-0.03671096 0.03422986 0.00596476
-0.02481418 0.03821576 0.00466472
-0.01521711 0.03839177 0.00499411
-0.00498545 0.03822852 0.00514427
0.00446632 0.03476127 0.00448062
0.01580830 0.03490478 0.00290235
0.02474095 0.03504027 0.00530670
0.03509234 0.03727544 0.00520824
0.04115250 0.03929837 0.00722927
-0.07053220 0.04084138 0.00415038
-0.06606516 0.04440891 0.00527662
-0.05794680 0.04874415 0.00575099
0.04580861 0.04288417 0.00419628
0.05261725 0.04746052 0.00562943
-0.06198919 0.05946641 0.00657685
-0.05717669 0.05518869 0.00510686
0.05703207 0.05494143 0.00457099
0.06022050 0.05952595 0.00866465
-0.07400694 0.06623244 0.00559706
-0.06640725 0.06149708 0.00433090
0.04689617 0.06828995 0.00143936
0.05681248 0.06594992 0.00361052
0.06031724 0.06311110 0.00831455
-0.08272082 0.07589754 0.00538698
-0.07836243 0.07115420 0.00422866
0.04636967 0.07478672 0.00478058
0.05417797 0.07145191 0.00668544
-0.08650615 0.08476233 0.00487392
0.04561293 0.08479025 0.00468658
-0.08763770 0.09492699 0.00503604
0.04449806 0.09455398 0.00467573
-0.08587081 0.10489134 0.00488345
0.03866936 0.10801829 0.00398661
0.04169965 0.10298604 0.00503480
-0.09109072 0.11735954 0.00726178
-0.08675176 0.11410207 0.00375321
0.02916925 0.11935662 0.00244999
0.03392879 0.11498163 0.00525661
-0.09147114 0.12479035 0.00746932
-0.08871958 0.12554568 0.00244590
-0.04310665 0.12891836 0.00415611
-0.03487686 0.12699318 0.00504536
-0.02516631 0.12576011 0.00480301
-0.01495130 0.12822394 0.00493207
-0.00650422 0.12958176 0.00220255
0.00557043 0.12986889 0.00028603
0.01579099 0.12827654 0.00436381
0.02463584 0.12338942 0.00511687
-0.09070015 0.13228250 0.00773205
-0.08744671 0.13553751 0.00412112
-0.05105853 0.13821891 0.00139168
-0.04791018 0.13391924 0.00527529
-0.00401033 0.13059811 0.00603067
0.00503528 0.13099563 0.00529970
0.01131753 0.13040169 0.00704404
-0.08457564 0.14460385 0.00468568
-0.05087056 0.14212897 0.00160925
-0.04679647 0.14539871 0.00532134
-0.03928565 0.14948851 0.00089066
-0.08323252 0.15175371 0.00621332
-0.07490685 0.15486363 0.00469886
-0.06484438 0.15489924 0.00457694
-0.05632984 0.15802060 0.00543251
-0.04449321 0.15526320 0.00708123
-0.03578844 0.15564230 0.00265980
-0.02878664 0.15900061 0.00071148
-0.05272666 0.16221978 0.00354799
-0.04484896 0.16487455 0.00394912
-0.03828383 0.16541246 0.00150769
-0.04056760 0.17104800 0.00022657
-0.03748734 0.17118940 0.00060076
-0.07026890 0.03609815 0.01063670
-0.06480362 0.03604778 0.01463679
-0.05653777 0.03385605 0.01522669
-0.03426390 0.03440108 0.01439612
-0.02434057 0.03777703 0.01518515
-0.01490241 0.03825631 0.01499331
-0.00421441 0.03768495 0.01496785
0.00351647 0.03444651 0.01570500
0.01452750 0.03544850 0.01889535
0.02549358 0.03515153 0.01529644
0.03496496 0.03688503 0.01536712
0.04138268 0.03949589 0.01480315
-0.06342394 0.04257309 0.01289242
-0.05486763 0.04586220 0.01543848
0.04610198 0.04193488 0.01524636
0.05340998 0.04702900 0.01470176
-0.06261707 0.05915731 0.01475460
-0.05373068 0.05460532 0.01468340
-0.04989465 0.05221700 0.01664435
0.05853492 0.05414823 0.01495797
0.06035538 0.05892859 0.01372968
-0.07439575 0.06611376 0.01506345
-0.06745867 0.06097877 0.01562949
0.05955490 0.06802189 0.01628124
0.06062007 0.06428141 0.01421586
-0.08291461 0.07589880 0.01531830
-0.07950860 0.07077714 0.01540815
0.04713466 0.07542979 0.01485866
0.05528039 0.07239977 0.01494250
-0.08739968 0.08473315 0.01497671
0.04578429 0.08474486 0.01472983
-0.08942851 0.09495564 0.01492455
0.04447873 0.09456597 0.01466070
-0.08758399 0.10502454 0.01486855
0.03890070 0.10838064 0.01527319
0.04162198 0.10297331 0.01441781
-0.09234951 0.11571599 0.01507439
-0.08844021 0.11128130 0.01511762
0.02985213 0.11983500 0.01738400
0.03410037 0.11511397 0.01499471
-0.09362100 0.12482964 0.01476594
-0.04255590 0.12828007 0.01541137
-0.03487536 0.12681013 0.01498998
-0.02529975 0.12594084 0.01504902
-0.01533770 0.12872377 0.01525491
-0.00970215 0.12994251 0.01836460
0.01663629 0.12853791 0.01523113
0.02510411 0.12375169 0.01485175
-0.09130553 0.13443086 0.01535405
-0.08919151 0.13790768 0.01190109
-0.05011040 0.13856600 0.01938110
-0.04718018 0.13456143 0.01477724
-0.01032728 0.13010275 0.01379840
-0.00474324 0.13083138 0.01485443
0.00510705 0.13143675 0.01502309
0.01162448 0.13052584 0.01469585
-0.09120634 0.14513142 0.01629159
-0.08894940 0.14388056 0.01155713
-0.05132156 0.14544982 0.01615546
-0.04949448 0.14360814 0.01195749
-0.09063424 0.15019286 0.01613530
-0.08550210 0.15299910 0.01487510
-0.07490569 0.15591361 0.01508785
-0.06490716 0.15606356 0.01503464
-0.05473915 0.15423946 0.01460366
-0.04892560 0.15256509 0.01067463
-0.06304890 0.03565739 0.02541832
-0.05555237 0.03420907 0.02519690
-0.04506710 0.03406584 0.02821110
-0.03459201 0.03469035 0.02537901
-0.02481317 0.03809550 0.02523728
-0.01507861 0.03841927 0.02492780
-0.00505679 0.03861823 0.02489516
0.00495178 0.03692093 0.02497085
0.01470157 0.03483803 0.02525312
0.02503870 0.03652204 0.02490573
0.03398060 0.03860462 0.02313665
0.04030420 0.03987940 0.02014450
-0.06260470 0.04211374 0.02683160
-0.05519770 0.04615228 0.02445801
0.02918813 0.04083903 0.02942487
0.03538277 0.04209884 0.02762404
0.04516682 0.04500013 0.02557818
0.05208598 0.04819073 0.02271013
-0.06022810 0.05999200 0.02131120
-0.05298366 0.05539249 0.02476276
0.04930286 0.05210815 0.02923687
0.05510081 0.05551806 0.02507144
-0.07288007 0.06753555 0.02416690
-0.06522451 0.06339824 0.02510206
-0.05698709 0.06161683 0.02701261
0.04466308 0.06608132 0.02760900
0.05547653 0.06508271 0.02497936
-0.08182253 0.07739946 0.02433622
-0.07757452 0.07269771 0.02596018
0.04453763 0.07460322 0.02469910
0.05319967 0.07122239 0.02197124
-0.08519188 0.08504923 0.02522113
0.04396610 0.08473270 0.02486572
-0.08713854 0.09501226 0.02502890
0.03953797 0.09875306 0.02876592
0.04254042 0.09454902 0.02469838
-0.08473354 0.10470857 0.02521014
0.03789713 0.10600479 0.02571052
0.04090804 0.10186221 0.02216750
-0.09192608 0.11671755 0.02421489
-0.08686357 0.11235415 0.02532180
-0.04488851 0.11937988 0.02939898
-0.03224725 0.11940383 0.02944948
-0.02814024 0.11971840 0.02906690
0.02828380 0.11852416 0.02678226
0.03322592 0.11407647 0.02486476
-0.09355520 0.12488506 0.02477101
-0.04530833 0.12481266 0.02566185
-0.03506837 0.12312470 0.02478553
-0.02480837 0.12283861 0.02474838
-0.01484087 0.12655510 0.02501138
-0.00538125 0.12856910 0.02640803
0.00536605 0.12864739 0.02700986
0.01517684 0.12698485 0.02523443
0.02406619 0.12284955 0.02443614
-0.09119917 0.13403112 0.02369415
-0.08936612 0.13726057 0.02665494
-0.05182535 0.13688429 0.02634202
-0.04832419 0.13304092 0.02393103
-0.00341305 0.13031517 0.02177130
0.00499915 0.13052461 0.02210640
0.01050185 0.13014950 0.02139015
-0.09098549 0.14452904 0.02394767
-0.08885574 0.14694309 0.02816677
-0.05367192 0.14490496 0.02509358
-0.09035476 0.15021966 0.02111993
-0.08474232 0.15257402 0.02468318
-0.07484249 0.15534121 0.02499654
-0.06487814 0.15562077 0.02499894
-0.05612085 0.15326388 0.02474108
-0.06454033 0.03590794 0.03504778
-0.05487109 0.03444175 0.03507121
-0.04496780 0.03452988 0.03491528
-0.03604563 0.03491927 0.03484283
-0.02448151 0.03872409 0.03442430
-0.01504341 0.03902106 0.03490060
-0.00506049 0.03897185 0.03399346
0.00548378 0.03754244 0.03434273
0.01488273 0.03508004 0.03483884
0.02268313 0.03779139 0.03444386
-0.06354398 0.04357676 0.03522012
-0.05522140 0.04824369 0.03606855
-0.04575219 0.04864681 0.03924982
-0.03649962 0.04874419 0.03943593
0.02643347 0.04438145 0.03624089
0.03478564 0.04729658 0.03158172
0.04267322 0.04841126 0.03142427
-0.05108085 0.05423502 0.03233073
-0.04588342 0.05462572 0.03753382
-0.03466388 0.05443742 0.03842917
-0.02739746 0.05578788 0.03778023
0.02760322 0.05205376 0.03881728
0.03497631 0.05509407 0.03449192
0.04480355 0.05559907 0.03164749
0.05041613 0.05788482 0.03020202
-0.07088745 0.06944282 0.03112860
-0.06429983 0.06749902 0.03320051
-0.05487575 0.06558513 0.03456065
-0.04737531 0.06389240 0.03776185
-0.03198026 0.06373987 0.03893724
-0.02787965 0.06410443 0.03856037
0.03687583 0.06476910 0.03601990
0.04302377 0.06403510 0.03070067
0.05051410 0.06104590 0.03016990
-0.08054870 0.07896620 0.03062360
-0.07429084 0.07565097 0.03411355
-0.06612244 0.07289881 0.03767284
-0.05512860 0.07101905 0.03929101
-0.04940587 0.07081594 0.03955043
-0.03049700 0.07103280 0.03979130
-0.02916410 0.07079657 0.03974367
0.03701893 0.07489944 0.03669132
0.04102294 0.07523857 0.03117308
-0.08161154 0.08569418 0.03224813
-0.07666089 0.08420557 0.03709819
0.03736728 0.08476522 0.03653593
0.04094036 0.08456048 0.03153151
-0.08193222 0.09520928 0.03231481
-0.07677758 0.09523849 0.03727681
0.03626098 0.09517384 0.03566638
0.04023488 0.09245680 0.03078972
-0.08092933 0.10596203 0.03274378
-0.07544353 0.10539740 0.03639910
-0.06585235 0.10733575 0.03851407
-0.05485243 0.10832711 0.03882062
-0.04483075 0.10829721 0.03884345
-0.03554907 0.10743576 0.03837715
-0.02735289 0.10898724 0.03907098
0.00949393 0.10987600 0.03991190
0.01600101 0.10958380 0.03962128
0.02601113 0.10635459 0.03836786
0.03331595 0.10425842 0.03373542
-0.09188768 0.11649461 0.03506702
-0.08593935 0.11152792 0.03506986
-0.06338810 0.11274146 0.03797897
-0.05476703 0.11567222 0.03594767
-0.04533432 0.11506218 0.03369309
-0.03512231 0.11506004 0.03335362
-0.02494524 0.11526266 0.03492689
-0.01544110 0.11669746 0.03761367
-0.00527743 0.11840212 0.03861552
0.00611635 0.11698236 0.03849794
0.01485574 0.11548924 0.03709878
0.02499431 0.11453809 0.03387616
0.03124992 0.11158700 0.03136946
-0.09234360 0.12491500 0.03476296
-0.06053275 0.12971300 0.03969030
-0.05378949 0.12569049 0.03616336
-0.04921990 0.12512708 0.03115454
-0.02199415 0.12079800 0.03093880
-0.01435845 0.12268623 0.03242810
-0.00475387 0.12377194 0.03382105
0.00519339 0.12384641 0.03356513
0.01433394 0.12244596 0.03276711
0.02138123 0.12113522 0.03124230
-0.09041106 0.13184161 0.03484323
-0.08955993 0.13653219 0.03499417
-0.06220588 0.13614006 0.03732338
-0.05586245 0.13453996 0.03366359
-0.08625016 0.14517465 0.03504454
-0.07635996 0.14922449 0.03887393
-0.06345086 0.14583872 0.03792353
-0.05789525 0.14536047 0.03288722
-0.08238062 0.15093364 0.03242541
-0.07469907 0.15232703 0.03414171
-0.06506995 0.15263712 0.03406517
-0.05822888 0.15205617 0.03225269
-0.06251718 0.03677090 0.04268287
-0.05517543 0.03608352 0.04481539
-0.04525184 0.03629117 0.04347626
-0.03509665 0.03613348 0.04489180
-0.02529651 0.03481986 0.04636688
-0.01429484 0.03502460 0.04667822
-0.00507382 0.03615756 0.04610673
0.00456507 0.03640437 0.04435559
0.01448271 0.03687686 0.04294894
0.02071952 0.03861990 0.04092705
-0.06168223 0.04262789 0.04203629
-0.05502051 0.04373029 0.04425522
-0.04501888 0.04372499 0.04262042
-0.03489096 0.04471663 0.04420248
-0.02631920 0.04873579 0.04719607
-0.01401226 0.04705248 0.04856539
-0.00501747 0.04399684 0.04794175
0.00533701 0.04387107 0.04667414
0.01511779 0.04503805 0.04437747
0.02180179 0.04483075 0.04107031
-0.04150303 0.05842492 0.04024120
-0.03869516 0.05856808 0.04030730
-0.02324672 0.05537258 0.04350500
-0.01786126 0.05414556 0.04861204
0.01620454 0.05401732 0.04796618
0.02410380 0.05570563 0.04375948
0.03078196 0.05874697 0.04027807
-0.04305816 0.06558260 0.04085844
-0.03667614 0.06533521 0.04119345
-0.02345226 0.06515779 0.04473535
-0.01963518 0.06222054 0.04920028
0.01825820 0.06340927 0.04916796
0.02506278 0.06503891 0.04495514
0.03141597 0.06507054 0.04085648
-0.06398318 0.07703422 0.04123805
-0.05498196 0.07564834 0.04234030
-0.04497677 0.07480995 0.04237366
-0.03513626 0.07481003 0.04166589
-0.02671066 0.07474206 0.04513932
0.01983930 0.07001160 0.04976220
0.02554572 0.07497864 0.04658841
0.03201499 0.07557285 0.04177588
-0.07178471 0.08581907 0.04093229
-0.06518345 0.08479161 0.04361810
-0.05499312 0.08477610 0.04473721
-0.04499560 0.08468313 0.04360263
-0.03500358 0.08464143 0.04299932
-0.02809401 0.08491628 0.04690579
0.01852139 0.08796263 0.04937298
0.02555322 0.08533619 0.04688416
0.03261246 0.08491658 0.04197581
-0.07211931 0.09416431 0.04106339
-0.06510663 0.09435882 0.04323556
-0.05499699 0.09459420 0.04417564
-0.04498929 0.09452255 0.04313036
-0.03498959 0.09456610 0.04377187
-0.02542763 0.09493435 0.04559533
-0.01587092 0.09839876 0.04710910
-0.00495644 0.09968457 0.04931912
0.00534462 0.09884044 0.04882196
0.01609150 0.09554588 0.04819185
0.02512179 0.09495261 0.04516903
0.03184420 0.09351927 0.04137641
-0.08019280 0.10988500 0.04084870
-0.07607432 0.10958006 0.04170891
-0.06415254 0.10228628 0.04129367
-0.05508870 0.10286099 0.04170943
-0.04508066 0.10309149 0.04129393
-0.03439521 0.10219878 0.04150718
-0.02454044 0.10428575 0.04239367
-0.01508303 0.10484079 0.04308649
-0.00458393 0.10362383 0.04465869
0.00496221 0.10470613 0.04369776
0.01511750 0.10443483 0.04422526
0.02341878 0.10270751 0.04232504
-0.09127387 0.11695888 0.04213747
-0.08509021 0.11443435 0.04522534
-0.07550813 0.11238562 0.04667881
-0.06535463 0.11553486 0.04482910
-0.05934170 0.11981400 0.04047970
-0.01348665 0.11193244 0.04107269
-0.00483900 0.11295545 0.04165678
0.00401905 0.11255609 0.04122422
-0.09152554 0.12420499 0.04235905
-0.08669318 0.12479012 0.04746725
-0.06387020 0.12574340 0.04555326
-0.05881266 0.12408835 0.04076430
-0.09020930 0.13102300 0.04020960
-0.08575594 0.13530980 0.04527157
-0.07370085 0.13706668 0.04889319
-0.06672838 0.13520551 0.04419474
-0.08293656 0.14262383 0.04257178
-0.07474370 0.14441705 0.04418924
-0.06761927 0.14409554 0.04234265
-0.03151856 0.03760093 0.05116306
-0.02517139 0.03669832 0.05296190
-0.01589631 0.03713617 0.05138978
-0.03139033 0.04196344 0.05076948
-0.02453308 0.04363995 0.05254402
-0.01604525 0.04325312 0.05140577
-0.00448996 0.04889531 0.05044043
0.00449953 0.04857199 0.05077029
-0.01376610 0.05597861 0.05152262
-0.00499819 0.05477116 0.05355965
0.00506017 0.05479683 0.05316135
0.01197483 0.05593371 0.05141107
-0.02080794 0.06825894 0.05094669
-0.01509756 0.06470184 0.05344686
-0.00499930 0.06474693 0.05611942
0.00525857 0.06459831 0.05562903
0.01387875 0.06584798 0.05224777
-0.02268570 0.07624179 0.05282471
-0.01509699 0.07448126 0.05577187
-0.00499772 0.07460666 0.05793942
0.00523129 0.07483928 0.05626490
0.01500066 0.07537801 0.05335705
0.02091305 0.07579071 0.05056048
-0.02352124 0.08491097 0.05377695
-0.01499230 0.08494142 0.05702464
-0.00499701 0.08496693 0.05726808
0.00507391 0.08512530 0.05630516
0.01456409 0.08467910 0.05275042
0.02109493 0.08262733 0.05038356
-0.02191514 0.09212062 0.05182317
-0.01483398 0.09414463 0.05377744
-0.00493889 0.09545048 0.05398278
0.00448472 0.09464896 0.05310694
0.01326593 0.09220596 0.05177400
-0.07459975 0.11672895 0.05169467
-0.06839558 0.11716036 0.05156064
-0.08233912 0.12686446 0.05141716
-0.07488032 0.12488326 0.05264146
-0.06802349 0.12365205 0.05167542
-0.08148552 0.13266957 0.05111480
-0.07571923 0.13304263 0.05152988
