-0.06260522 0.16653278 -0.06047609
-0.06276838 0.17127028 -0.06115631
-0.06627596 0.17823100 -0.06010993
-0.06346016 0.17675574 -0.06088232
-0.06720734 0.15965120 -0.05576608
-0.06429290 0.15991773 -0.05610443
-0.06717338 0.16446500 -0.05658939
-0.06267360 0.16484113 -0.05760677
-0.06770179 0.17125721 -0.05668629
-0.06195340 0.17053376 -0.05755829
-0.07283280 0.17783350 -0.05451490
-0.06888144 0.17729168 -0.05721034
-0.06315179 0.17693214 -0.05707166
-0.07301873 0.18074735 -0.05455680
-0.06885202 0.18087043 -0.05677411
-0.06557313 0.18047367 -0.05873657
-0.06820565 0.15442410 -0.05022891
-0.06566333 0.15519200 -0.04956964
-0.06902818 0.15866259 -0.05157507
-0.06386657 0.15913878 -0.05113905
-0.06936615 0.16450052 -0.05123274
-0.06224715 0.16545218 -0.05108930
-0.07307644 0.17204776 -0.04915833
-0.07048584 0.17003420 -0.05140608
-0.06301656 0.17129524 -0.05094970
-0.07832200 0.17591201 -0.04837666
-0.07548159 0.17782487 -0.05071232
-0.06833736 0.17776790 -0.05049419
-0.06457558 0.17522801 -0.05195460
-0.07331284 0.18050367 -0.05240346
-0.07035665 0.18061300 -0.05276290
-0.07252600 0.14997201 -0.04246860
-0.07202020 0.15259799 -0.04288720
-0.06980129 0.15257110 -0.04485363
-0.06532030 0.15467089 -0.04465748
-0.07072368 0.15887974 -0.04542661
-0.06352104 0.15875371 -0.04511851
-0.07305400 0.16660330 -0.04343262
-0.07115086 0.16396649 -0.04580108
-0.06255417 0.16547167 -0.04509056
-0.07878861 0.17252238 -0.04411608
-0.07490345 0.17037119 -0.04563524
-0.06756156 0.17252024 -0.04404156
-0.06450199 0.17076291 -0.04558655
-0.07850697 0.17489658 -0.04578460
-0.07508828 0.17659245 -0.04501917
-0.06984579 0.17550428 -0.04536340
-0.01954396 0.06506838 -0.03663158
-0.01503793 0.06376026 -0.03685819
-0.01131636 0.06453836 -0.03639000
-0.02475525 0.07052734 -0.03631950
-0.02115420 0.06931757 -0.03758008
-0.01524003 0.06930003 -0.03811210
-0.00958643 0.06955864 -0.03672725
-0.00573885 0.07058650 -0.03612565
-0.02567527 0.07498530 -0.03686139
-0.02128585 0.07495264 -0.03870679
-0.01527057 0.07498195 -0.03870573
-0.00926148 0.07492191 -0.03770873
-0.00411771 0.07555651 -0.03661415
-0.02622048 0.08128508 -0.03706465
-0.02130411 0.08058470 -0.03876623
-0.01529277 0.08062056 -0.03897341
-0.00929083 0.08057558 -0.03802681
-0.00339296 0.08061133 -0.03701364
0.00018870 0.08328170 -0.03612370
-0.02548662 0.08627272 -0.03666625
-0.02126469 0.08675776 -0.03767460
-0.01528220 0.08697704 -0.03836498
-0.00934068 0.08681054 -0.03753203
-0.00376821 0.08597385 -0.03683979
-0.02029160 0.09062444 -0.03630636
-0.01482118 0.09103054 -0.03668338
-0.00966855 0.09076338 -0.03636362
-0.07242769 0.14969985 -0.03873744
-0.06984723 0.14927359 -0.03833145
-0.07252536 0.15304822 -0.03890634
-0.06881402 0.15208717 -0.04022262
-0.06447864 0.15389948 -0.03901675
-0.07238659 0.15926675 -0.03801042
-0.07168534 0.15854865 -0.04084268
-0.06250753 0.15916954 -0.03910185
-0.07894690 0.16731849 -0.03697815
-0.07400753 0.16465940 -0.03955004
-0.07196700 0.16241699 -0.04195220
-0.06295034 0.16546609 -0.03919524
-0.07893987 0.17034505 -0.03934638
-0.07561372 0.17247361 -0.03856618
-0.06886026 0.17211898 -0.03885243
-0.06516814 0.16929950 -0.03932097
-0.07394616 0.17461842 -0.04064854
-0.07163300 0.17454900 -0.04120840
-0.03665655 0.03426495 -0.03056115
-0.03337628 0.03499350 -0.03078204
-0.02965440 0.03469930 -0.03012220
-0.03669780 0.03631550 -0.03009430
-0.03234088 0.03855490 -0.03029458
-0.02926370 0.03645510 -0.03007360
-0.01968081 0.05245139 -0.03091164
-0.01498291 0.05057465 -0.03140717
-0.00915186 0.05042011 -0.03157256
-0.00299416 0.05067581 -0.03092259
0.00194453 0.05222162 -0.03038142
0.00784418 0.05392522 -0.03029530
-0.02479000 0.05841437 -0.03072770
-0.02108990 0.05764302 -0.03268817
-0.01519362 0.05701828 -0.03446349
-0.00918175 0.05700415 -0.03391699
-0.00332084 0.05714571 -0.03300537
0.00282764 0.05756555 -0.03176308
0.00797782 0.05735675 -0.03046897
-0.02569614 0.06320072 -0.03178562
-0.02167630 0.06295063 -0.03472232
-0.01721715 0.06136655 -0.03588035
-0.00866255 0.06323255 -0.03556995
-0.00320684 0.06344705 -0.03475720
0.00279990 0.06334835 -0.03333093
0.00862567 0.06337971 -0.03134547
0.01309908 0.06468125 -0.03028008
-0.02741320 0.06920991 -0.03296411
-0.02374030 0.06692520 -0.03529560
-0.00747626 0.06737405 -0.03568503
-0.00300503 0.06897349 -0.03504575
0.00276649 0.06902193 -0.03372360
0.00876492 0.06891044 -0.03204837
0.01384220 0.06900161 -0.03086481
-0.03118030 0.07572209 -0.03169223
-0.02858165 0.07475954 -0.03465825
-0.00205314 0.07381025 -0.03580749
0.00273886 0.07476389 -0.03505853
0.00874932 0.07463654 -0.03315242
0.01356742 0.07472349 -0.03067728
-0.03115579 0.08115211 -0.03195971
-0.02888963 0.08077475 -0.03504433
-0.00077484 0.07833460 -0.03589570
0.00289446 0.08093061 -0.03476430
0.00872443 0.08095625 -0.03279756
0.01329854 0.08111046 -0.03066967
-0.03038280 0.08591045 -0.03097226
-0.02803506 0.08717839 -0.03392079
-0.02380670 0.08996290 -0.03566490
-0.00228760 0.08893897 -0.03552029
0.00269277 0.08738437 -0.03408971
0.00884658 0.08740434 -0.03205715
0.01313042 0.08711860 -0.03050621
-0.02617151 0.09156165 -0.03204308
-0.02114057 0.09348091 -0.03313993
-0.01527166 0.09389338 -0.03413890
-0.00884398 0.09360772 -0.03446574
-0.00285251 0.09329591 -0.03384119
0.00304338 0.09303510 -0.03235555
0.00813230 0.09193861 -0.03114728
0.01205380 0.09078620 -0.03017450
-0.01410307 0.09645837 -0.03089777
-0.00906269 0.09652508 -0.03126561
-0.00332904 0.09654430 -0.03092154
0.00064967 0.09639280 -0.03007050
-0.07324564 0.14922954 -0.03317988
-0.06908132 0.14834172 -0.03281978
-0.06538220 0.14952600 -0.03190877
-0.07329967 0.15335110 -0.03339715
-0.06631980 0.15016700 -0.03566520
-0.06337628 0.15295658 -0.03306525
-0.07336605 0.15893532 -0.03342715
-0.06177957 0.15920168 -0.03309318
-0.07875314 0.16579317 -0.03279039
-0.07581595 0.16318646 -0.03405843
-0.06602050 0.16799700 -0.03055030
-0.06366000 0.16552876 -0.03303726
-0.07871369 0.16827087 -0.03413176
-0.07513822 0.17085344 -0.03307349
-0.06881055 0.17049158 -0.03300841
-0.06544307 0.16848300 -0.03463836
-0.04321413 0.03462445 -0.02573085
-0.03892117 0.03393896 -0.02749710
-0.03306271 0.03355914 -0.02712419
-0.02682482 0.03415305 -0.02709389
-0.02147148 0.03408423 -0.02650023
-0.01541690 0.03452398 -0.02547569
-0.00886264 0.03473561 -0.02501283
-0.00507828 0.03475280 -0.02407945
-0.04308081 0.03760710 -0.02541243
-0.03918250 0.03963421 -0.02761385
-0.03487965 0.04064235 -0.02960801
-0.02701099 0.03889572 -0.02943020
-0.02090764 0.03838941 -0.02838490
-0.01496430 0.03871576 -0.02693798
-0.00908101 0.03842642 -0.02579495
-0.00300757 0.03900732 -0.02519124
0.00266510 0.03920874 -0.02439898
-0.03771653 0.04389945 -0.02574496
-0.03282738 0.04507093 -0.02706992
-0.02730845 0.04509497 -0.02776063
-0.02126871 0.04486042 -0.02814870
-0.01511887 0.04433127 -0.02783771
-0.00911981 0.04432409 -0.02757088
-0.00324945 0.04488976 -0.02737773
0.00288660 0.04494542 -0.02628686
0.00888204 0.04565342 -0.02570796
0.01395584 0.04586329 -0.02480404
-0.02631637 0.05142052 -0.02601009
-0.02185191 0.05067663 -0.02896005
-0.01715240 0.04807465 -0.02970260
0.00374863 0.04986988 -0.02941480
0.00906110 0.05125029 -0.02891448
0.01485892 0.05154274 -0.02711709
0.02013667 0.05236533 -0.02578761
-0.02699153 0.05697907 -0.02688519
-0.02367880 0.05516480 -0.02967900
0.01090194 0.05774156 -0.02980499
0.01483407 0.05736537 -0.02880043
0.02096451 0.05716977 -0.02665943
0.02429995 0.05842800 -0.02478380
-0.03042003 0.06503356 -0.02544230
-0.02873300 0.06246014 -0.02714965
0.01081495 0.06096005 -0.02978480
0.01525933 0.06262527 -0.02910570
0.02111060 0.06268686 -0.02658785
0.02443963 0.06182550 -0.02431863
-0.03104798 0.06886294 -0.02641214
-0.02935296 0.06745756 -0.02907234
0.01666363 0.06838176 -0.02959045
0.02078076 0.06860354 -0.02776850
0.02489904 0.07033072 -0.02488912
-0.03270468 0.07475700 -0.02717091
0.01640566 0.07539585 -0.02931891
0.02075327 0.07492224 -0.02724858
0.02525117 0.07546787 -0.02498770
-0.03337644 0.08109140 -0.02686214
0.01632499 0.08160527 -0.02918119
0.02083494 0.08128265 -0.02686004
0.02507850 0.08091227 -0.02466464
-0.03249548 0.08717151 -0.02643863
-0.02978510 0.08902610 -0.02958490
0.01621990 0.08721837 -0.02874824
0.02085464 0.08683847 -0.02591741
0.02459240 0.08517265 -0.02427505
-0.03269363 0.09145045 -0.02436293
-0.02760680 0.09332185 -0.02676995
-0.02169388 0.09562400 -0.02830087
0.00513074 0.09582560 -0.02947055
0.00945241 0.09441441 -0.02855627
0.01466149 0.09293377 -0.02662154
0.01936889 0.09153672 -0.02491341
-0.02597833 0.09779584 -0.02427580
-0.02094083 0.09803479 -0.02507725
-0.01532772 0.09797997 -0.02667136
-0.00903045 0.09884136 -0.02664214
-0.00311577 0.09841331 -0.02735815
0.00285580 0.09764164 -0.02683481
0.00839615 0.09679546 -0.02592485
0.01251565 0.09662665 -0.02430830
-0.01213750 0.10212800 -0.02412700
-0.01007615 0.10205900 -0.02408353
-0.07368592 0.14876157 -0.02709757
-0.06903879 0.14710261 -0.02709278
-0.06470736 0.14865741 -0.02714498
-0.07414312 0.15338723 -0.02739584
-0.06247110 0.15263079 -0.02707984
-0.07827801 0.16105551 -0.02545175
-0.07508881 0.15876827 -0.02761084
-0.06178626 0.15921797 -0.02708692
-0.07845704 0.16400678 -0.02802321
-0.07719619 0.16596706 -0.02646988
-0.06710420 0.16734491 -0.02625487
-0.06421399 0.16465731 -0.02702677
-0.07425547 0.16920413 -0.02746562
-0.06979104 0.16925643 -0.02743379
-0.01332191 0.17179026 -0.02533253
-0.00963078 0.17136090 -0.02610842
-0.01823250 0.17788300 -0.02433605
-0.01454679 0.17660214 -0.02679216
-0.01001138 0.17669980 -0.02773083
-0.01829924 0.18155967 -0.02431910
-0.01441486 0.18291421 -0.02633547
-0.01114147 0.18110485 -0.02750985
-0.01534760 0.18617301 -0.02459510
-0.04481318 0.03435931 -0.02058123
-0.03911840 0.03364740 -0.02118482
-0.03287562 0.03418864 -0.02092424
-0.02708977 0.03441588 -0.02112470
-0.02092027 0.03418394 -0.02116316
-0.01495780 0.03427370 -0.02048102
-0.00913703 0.03399454 -0.02092767
-0.00282695 0.03413393 -0.02104316
0.00271981 0.03423848 -0.02096426
0.00884089 0.03441653 -0.01968327
0.01327025 0.03537930 -0.02018728
-0.04487756 0.03882855 -0.02077501
-0.04120550 0.04197050 -0.02328730
-0.03124605 0.03623550 -0.01868315
-0.02686925 0.03688657 -0.01872550
-0.02183374 0.03676061 -0.01854697
-0.01766270 0.03651060 -0.01811390
0.00508063 0.03755950 -0.02375750
0.00895894 0.03888372 -0.02333595
0.01476564 0.03920885 -0.02172244
0.01903210 0.04076278 -0.01950912
-0.04296048 0.04304244 -0.01991637
-0.03896389 0.04594151 -0.02094778
-0.03464670 0.04730082 -0.02248404
0.01676549 0.04494713 -0.02344503
0.02012841 0.04532154 -0.02100625
0.02521980 0.04789640 -0.01860810
-0.03178106 0.04973197 -0.02004425
-0.02917633 0.05169096 -0.02163962
0.02175088 0.05007866 -0.02284785
0.02630304 0.05141180 -0.02033365
-0.03041942 0.05757789 -0.01920289
-0.02927573 0.05699269 -0.02211359
0.02675006 0.05700992 -0.02125972
-0.03118675 0.06324068 -0.02062323
-0.02975950 0.06122964 -0.02308233
0.02717738 0.06294188 -0.02179880
0.03136365 0.06319951 -0.01871432
-0.03276265 0.06877066 -0.02096033
0.02744047 0.06843374 -0.02236692
0.03106557 0.06951196 -0.01934903
-0.06074400 0.07669880 -0.01821930
-0.05701703 0.07612492 -0.01881031
-0.05174645 0.07631700 -0.01859776
-0.04432067 0.07560916 -0.01841174
-0.03917875 0.07548962 -0.01847713
-0.03455296 0.07447892 -0.02129231
0.02844542 0.07482379 -0.02264139
0.03127208 0.07508069 -0.02008054
-0.06679005 0.08305760 -0.01825210
-0.06303304 0.08125823 -0.01889580
-0.05742699 0.08069344 -0.02035787
-0.05126405 0.08047104 -0.02055062
-0.04526306 0.08046312 -0.02002352
-0.03926371 0.08049902 -0.02031886
-0.03512064 0.08020475 -0.02251088
0.02797312 0.08108556 -0.02224284
0.03196464 0.08075763 -0.01950026
-0.06680030 0.08663880 -0.01820633
-0.06330819 0.08743649 -0.01905318
-0.05716265 0.08710402 -0.02123408
-0.05129464 0.08696111 -0.02174223
-0.04529948 0.08699016 -0.02179289
-0.03946301 0.08672878 -0.02227363
-0.03561317 0.08505890 -0.02333937
0.02375520 0.08874680 -0.02394250
0.02707054 0.08730490 -0.02228148
0.03206741 0.08668900 -0.01925684
-0.06297567 0.09309303 -0.01873050
-0.05733480 0.09337661 -0.02107460
-0.05132442 0.09345153 -0.02190324
-0.04533088 0.09349046 -0.02209851
-0.03916353 0.09319580 -0.02319804
-0.03397090 0.09446966 -0.02368104
-0.02984630 0.09584880 -0.02396170
0.01685790 0.09587023 -0.02351790
0.02141882 0.09387545 -0.02293019
0.02706065 0.09294362 -0.02081762
0.03110917 0.09216551 -0.01870144
-0.06153413 0.09919473 -0.01839022
-0.05738306 0.09909033 -0.01999854
-0.05135920 0.09922081 -0.02182751
-0.04534671 0.09923059 -0.02167845
-0.03935327 0.09927123 -0.02186307
-0.03335556 0.09934636 -0.02269044
-0.02768487 0.09984225 -0.02359715
-0.02168268 0.10144442 -0.02387803
-0.01503475 0.10087139 -0.02376023
-0.00714387 0.10160434 -0.02363756
-0.00292899 0.10066058 -0.02340843
0.00313254 0.10046328 -0.02267843
0.00912275 0.09973950 -0.02249603
0.01508665 0.09922958 -0.02280606
0.02094846 0.09919658 -0.02163418
0.02606283 0.09840498 -0.01939402
-0.06168886 0.10315080 -0.01825250
-0.05703112 0.10442096 -0.01868460
-0.05138316 0.10488019 -0.01981120
-0.04537292 0.10493209 -0.02050399
-0.03937002 0.10494687 -0.02045941
-0.03335140 0.10534739 -0.02095508
-0.02715403 0.10531937 -0.02242981
-0.02119810 0.10544718 -0.02270246
-0.01541608 0.10543016 -0.02252030
-0.00945212 0.10541277 -0.02293565
-0.00309800 0.10509729 -0.02254392
0.00277932 0.10483294 -0.02150072
0.00900385 0.10500364 -0.02048150
0.01482266 0.10471804 -0.01993654
0.02081566 0.10336887 -0.01932125
0.02496080 0.10222100 -0.01823215
-0.05522367 0.10884600 -0.01817813
-0.05137886 0.10915300 -0.01867943
-0.04495073 0.10913315 -0.01872024
-0.03910023 0.10989348 -0.01898616
-0.03381982 0.10983732 -0.01883873
-0.02649685 0.10969811 -0.01962905
-0.02056878 0.11092438 -0.01982270
-0.01514782 0.11071518 -0.01970558
-0.00882170 0.11113865 -0.02057198
-0.00324679 0.11114524 -0.02052811
0.00252858 0.11053400 -0.02019715
0.00885787 0.11097676 -0.01937733
0.01340251 0.10973201 -0.01842933
-0.00109958 0.11515200 -0.01803370
0.00273955 0.11497051 -0.01885268
0.00681762 0.11467050 -0.01855013
-0.07389467 0.14823505 -0.02108384
-0.06857476 0.14560387 -0.02124183
-0.06401652 0.14783943 -0.02079692
-0.07499085 0.15341461 -0.02139861
-0.06211893 0.15284598 -0.02116962
-0.07813839 0.16010000 -0.02207104
-0.07720406 0.15902399 -0.02094653
-0.06259285 0.15929309 -0.02079959
-0.07809880 0.16249900 -0.02393770
-0.07556211 0.16509056 -0.02119046
-0.06871409 0.16607364 -0.02098406
-0.06481954 0.16331962 -0.02138783
-0.02027879 0.16656199 -0.01855855
-0.01487594 0.16607870 -0.01970248
-0.01055475 0.16614749 -0.02046557
-0.07248910 0.16808100 -0.02285180
-0.07079710 0.16829200 -0.02371000
-0.02587225 0.17076224 -0.01888625
-0.02066901 0.17047799 -0.02058872
-0.01482822 0.17049681 -0.02165536
-0.00995000 0.17014574 -0.02136681
-0.02541744 0.17649657 -0.01914196
-0.02108310 0.17657441 -0.02198009
-0.01449020 0.17665243 -0.02024013
-0.01082774 0.17513688 -0.02298588
-0.02427360 0.18147400 -0.01800540
-0.02077864 0.18318771 -0.02091346
-0.01554128 0.18264779 -0.02115196
-0.01880382 0.18693581 -0.01930376
-0.01689095 0.18674938 -0.02063239
-0.05452350 0.03438335 -0.01201735
-0.05039668 0.03437641 -0.01285836
-0.04551163 0.03414506 -0.01515326
-0.03912217 0.03426746 -0.01569848
-0.03466760 0.03590240 -0.01719300
-0.01247910 0.03540150 -0.01793840
-0.00833672 0.03520319 -0.01740334
-0.00286378 0.03512472 -0.01663445
0.00299118 0.03477100 -0.01617762
0.00902395 0.03448920 -0.01473657
0.01517754 0.03480312 -0.01528858
0.01810140 0.03549560 -0.01367440
-0.04871263 0.03703835 -0.01230882
-0.04675431 0.03896319 -0.01439788
-0.03672757 0.03716757 -0.01319530
-0.03285866 0.03801600 -0.01505936
-0.02687861 0.03854259 -0.01528118
-0.02078394 0.03849252 -0.01542023
-0.01509595 0.03813668 -0.01550056
-0.00893187 0.03808685 -0.01502658
-0.00298201 0.03811460 -0.01427438
0.00302161 0.03772305 -0.01349337
0.00700156 0.03670450 -0.01278080
0.01749225 0.03684025 -0.01718980
0.01986962 0.03944919 -0.01501669
-0.04385180 0.04411025 -0.01459465
-0.04013199 0.04714368 -0.01532958
0.02214095 0.04380937 -0.01584307
0.02624742 0.04663594 -0.01488218
-0.03711830 0.04848515 -0.01419515
-0.03190222 0.05147515 -0.01497359
0.02897821 0.05055968 -0.01574388
0.03062016 0.05253857 -0.01403337
-0.04464838 0.05924906 -0.01219622
-0.04166780 0.05926810 -0.01213920
-0.03166523 0.05747678 -0.01477819
0.02946473 0.05629435 -0.01755960
0.03237857 0.05742208 -0.01473489
-0.04891587 0.06385948 -0.01248710
-0.04517110 0.06289089 -0.01332141
-0.03919945 0.06301915 -0.01333018
-0.03368374 0.06274893 -0.01500705
0.03401242 0.06304893 -0.01560713
0.03651805 0.06471035 -0.01301732
-0.06231963 0.07013846 -0.01362390
-0.05690108 0.06965167 -0.01446993
-0.05097798 0.06894093 -0.01410891
-0.04520008 0.06877813 -0.01587124
-0.03921038 0.06883170 -0.01604774
-0.03484050 0.06814145 -0.01670891
0.03435242 0.06909590 -0.01629034
0.03726612 0.06934871 -0.01329086
-0.07294410 0.07724986 -0.01260343
-0.06883007 0.07551313 -0.01446304
-0.06333386 0.07434223 -0.01646447
-0.05741799 0.07325888 -0.01707435
-0.05092999 0.07352566 -0.01663203
-0.04613320 0.07364319 -0.01724322
-0.03935489 0.07303158 -0.01767916
0.03440551 0.07462507 -0.01589189
0.03673458 0.07534834 -0.01299184
-0.07401361 0.08162738 -0.01395728
-0.06937016 0.08124576 -0.01676814
-0.06541846 0.07853370 -0.01769840
0.03487000 0.07988482 -0.01696281
0.03770168 0.08098415 -0.01421823
-0.07501634 0.08716474 -0.01437267
-0.06966105 0.08736074 -0.01694603
0.03509348 0.08702211 -0.01740992
0.03788155 0.08691502 -0.01461428
-0.07505940 0.09272470 -0.01404510
-0.06932566 0.09300981 -0.01641633
-0.06583364 0.09384984 -0.01787030
0.03366100 0.09340681 -0.01572549
0.03712977 0.09206851 -0.01293008
-0.07440215 0.09819128 -0.01328913
-0.06934787 0.09873991 -0.01539686
-0.06445812 0.09873746 -0.01733959
0.02851267 0.09968029 -0.01707210
0.03272793 0.09878344 -0.01417996
-0.07320037 0.10266167 -0.01247873
-0.06921020 0.10426442 -0.01378721
-0.06384904 0.10505621 -0.01641860
-0.05913942 0.10653175 -0.01776305
0.01716953 0.10681925 -0.01764338
0.02156534 0.10612345 -0.01673752
0.02720681 0.10515590 -0.01531069
0.03169684 0.10385580 -0.01331697
-0.06757144 0.10899400 -0.01256925
-0.06326275 0.11078005 -0.01426340
-0.05754318 0.11116194 -0.01661447
-0.05112068 0.11260851 -0.01712224
-0.04488670 0.11238389 -0.01690472
-0.03945450 0.11299089 -0.01712638
-0.03283104 0.11265329 -0.01743027
-0.02705418 0.11272919 -0.01708651
-0.02228705 0.11314800 -0.01780780
-0.01326193 0.11319000 -0.01788837
0.01108220 0.11319500 -0.01798850
0.01548318 0.11176436 -0.01683870
0.02109877 0.11097614 -0.01474055
0.02601126 0.10971122 -0.01302055
-0.06140146 0.11515780 -0.01284478
-0.05683031 0.11629173 -0.01384067
-0.05115471 0.11712125 -0.01459355
-0.04504692 0.11732437 -0.01492399
-0.03892922 0.11704574 -0.01433881
-0.03288687 0.11612368 -0.01458856
-0.02714946 0.11646780 -0.01426623
-0.02119141 0.11646052 -0.01478357
-0.01507649 0.11703120 -0.01511498
-0.00924760 0.11698314 -0.01561370
-0.00331560 0.11741878 -0.01551668
0.00291145 0.11799967 -0.01624780
0.00905495 0.11723590 -0.01603620
0.01471869 0.11691109 -0.01444267
0.01972504 0.11576123 -0.01306846
-0.04929695 0.12071075 -0.01261663
-0.04500402 0.12082050 -0.01277026
-0.04104140 0.12079800 -0.01243770
-0.00857100 0.12060110 -0.01280625
-0.00263088 0.12065612 -0.01258209
0.00321923 0.12088019 -0.01319926
0.00909582 0.12093809 -0.01332026
0.01301515 0.12083000 -0.01221385
-0.07247045 0.14391351 -0.01296550
-0.06921192 0.14359090 -0.01362506
-0.06548740 0.14344300 -0.01208140
-0.07462225 0.14772724 -0.01539193
-0.06892622 0.14445144 -0.01641268
-0.06357571 0.14683250 -0.01506035
-0.07615568 0.15343396 -0.01540016
-0.06230965 0.15297614 -0.01508116
-0.07709043 0.15935037 -0.01520865
-0.06680937 0.16094199 -0.01317009
-0.06398372 0.15855634 -0.01516344
-0.03738274 0.16007642 -0.01254753
-0.03238096 0.15983415 -0.01322062
-0.02666667 0.16014864 -0.01344460
-0.02093903 0.16076533 -0.01354363
-0.01599040 0.16128449 -0.01350984
-0.07411726 0.16354391 -0.01539830
-0.06915940 0.16364025 -0.01538030
-0.06562840 0.16232400 -0.01747460
-0.03779493 0.16439694 -0.01325388
-0.03262452 0.16447587 -0.01516664
-0.02660612 0.16446108 -0.01619936
-0.02070945 0.16418898 -0.01610963
-0.01454068 0.16425644 -0.01472740
-0.01120908 0.16516487 -0.01614994
-0.03743897 0.16944860 -0.01293307
-0.03295116 0.17074975 -0.01539916
-0.02760408 0.17020699 -0.01643516
-0.02057068 0.17072159 -0.01392131
-0.01529196 0.17009570 -0.01634069
-0.01127105 0.16839300 -0.01734600
-0.03203194 0.17574438 -0.01414167
-0.02772015 0.17756824 -0.01568441
-0.02090675 0.17653519 -0.01504105
-0.01742588 0.17496124 -0.01746967
-0.02618380 0.18207343 -0.01417269
-0.02090010 0.18318447 -0.01502864
-0.01981730 0.18639863 -0.01632246
-0.06695443 0.03493427 -0.00681236
-0.06285165 0.03431575 -0.00815578
-0.05692688 0.03385273 -0.00898337
-0.05110482 0.03353303 -0.00906754
-0.04525935 0.03363764 -0.00918519
-0.04069698 0.03446134 -0.01027977
0.01013447 0.03496150 -0.00898688
0.01468237 0.03455364 -0.00934593
0.01863866 0.03543115 -0.00905266
-0.06682227 0.03741870 -0.00655531
-0.06279814 0.03919059 -0.00752478
-0.05712675 0.03920580 -0.00956552
-0.05123652 0.03950847 -0.01128828
-0.04766720 0.04058030 -0.01171130
-0.03759668 0.03776837 -0.00857928
-0.03293671 0.03846968 -0.00885532
-0.02706140 0.03844345 -0.00872295
-0.02114204 0.03859882 -0.00922376
-0.01488273 0.03879422 -0.00865442
-0.00911504 0.03894667 -0.00930763
-0.00302261 0.03911345 -0.00886564
0.00318377 0.03898003 -0.00919912
0.00746839 0.03747590 -0.00964308
0.02105864 0.03930215 -0.00930386
0.02415990 0.04181980 -0.00678118
-0.06017900 0.04282460 -0.00656488
-0.05624362 0.04402858 -0.00724079
-0.05117108 0.04535272 -0.00885171
-0.04559585 0.04575357 -0.01077044
0.02324690 0.04318294 -0.01071872
0.02734813 0.04525021 -0.00833827
0.03291089 0.04689725 -0.00629805
0.03689110 0.04764310 -0.00618968
-0.05112269 0.05094433 -0.00772835
-0.04509893 0.05122129 -0.01034164
-0.03933947 0.05127622 -0.01102581
-0.03412377 0.05199967 -0.01057010
0.02920377 0.04811345 -0.01023699
0.03266865 0.05083065 -0.00838312
0.03887719 0.05125200 -0.00659436
0.04346547 0.05229568 -0.00653944
-0.05447635 0.05807780 -0.00642535
-0.05128084 0.05682925 -0.00884541
-0.04526427 0.05646160 -0.01130823
-0.03903970 0.05694339 -0.01129322
-0.03441412 0.05663506 -0.01098539
0.03446938 0.05566001 -0.01028667
0.03772572 0.05672872 -0.00756240
0.04386302 0.05477952 -0.00635238
-0.06229280 0.06533326 -0.00730043
-0.05668713 0.06364181 -0.00758218
-0.05158614 0.06239633 -0.01038450
-0.03866290 0.06066340 -0.01198200
0.03845743 0.06269984 -0.00941824
-0.07303255 0.07139015 -0.00704282
-0.06891114 0.07021899 -0.00856722
-0.06385501 0.06830828 -0.01025492
-0.05725864 0.06677777 -0.01067393
-0.05267483 0.06623367 -0.01125453
0.04019435 0.06910133 -0.00914194
-0.07853480 0.07718580 -0.00655705
-0.07535853 0.07516073 -0.00844745
-0.07127407 0.07387526 -0.01134073
0.03996390 0.07520133 -0.00928354
-0.07930186 0.08130292 -0.00782304
-0.07654716 0.08034347 -0.01030306
0.04050881 0.08075169 -0.00949581
0.04216325 0.08241555 -0.00677552
-0.08010472 0.08697221 -0.00861866
-0.07786284 0.08710817 -0.01158203
0.04079062 0.08689826 -0.01039285
0.04235500 0.08663370 -0.00729582
-0.08034483 0.09295288 -0.00908141
0.03957009 0.09332124 -0.00917548
0.04218033 0.09060910 -0.00714011
-0.07985634 0.09880458 -0.00812849
-0.07699577 0.09929490 -0.01086119
0.03564425 0.09898031 -0.01160840
0.03785234 0.09929080 -0.00873401
-0.07891656 0.10448956 -0.00715585
-0.07553947 0.10520773 -0.00962298
-0.07110520 0.10737519 -0.01145084
0.03377288 0.10581601 -0.01006103
0.03683587 0.10349372 -0.00788320
-0.07467332 0.11080247 -0.00767317
-0.06972053 0.11176924 -0.01025485
-0.06541840 0.11380250 -0.01167640
0.02773863 0.11195278 -0.01039959
0.03195972 0.11046243 -0.00809244
-0.07475954 0.11757372 -0.00711785
-0.06938607 0.11724887 -0.00858451
-0.06325214 0.11758149 -0.01018301
-0.05764449 0.11925957 -0.01110329
-0.03310176 0.11923742 -0.01111436
-0.02699009 0.11928881 -0.01111966
-0.02069826 0.11942913 -0.01141491
-0.01714960 0.11984900 -0.01089395
0.01688317 0.11943134 -0.01138703
0.02145280 0.11792836 -0.00988243
0.02615050 0.11579731 -0.00796924
-0.07887895 0.12295025 -0.00614558
-0.07539136 0.12302796 -0.00763048
-0.06940872 0.12309921 -0.00879120
-0.06330022 0.12300500 -0.00882976
-0.05708978 0.12309830 -0.00839472
-0.05120720 0.12350994 -0.00913971
-0.04502265 0.12400655 -0.00971519
-0.03884372 0.12335177 -0.00915125
-0.03347285 0.12175628 -0.00816958
-0.02700376 0.12124307 -0.00824538
-0.02095945 0.12184105 -0.00836095
-0.01489204 0.12220303 -0.00856498
-0.00890569 0.12370604 -0.00950674
-0.00266314 0.12381954 -0.00958424
0.00303361 0.12400395 -0.00955183
0.00880404 0.12385162 -0.00945308
0.01494438 0.12241270 -0.00877794
0.02007494 0.12105390 -0.00713120
-0.07892770 0.12735599 -0.00617723
-0.07543924 0.12889217 -0.00770183
-0.06944188 0.12895618 -0.00887539
-0.06309368 0.12903000 -0.00828338
-0.05771811 0.12845019 -0.00674125
-0.04528400 0.12620780 -0.00700823
-0.00742298 0.12647600 -0.00661234
-0.00342386 0.12652375 -0.00670957
0.00281803 0.12655321 -0.00630336
0.00759114 0.12651825 -0.00633955
-0.07473579 0.13457488 -0.00702031
-0.06946416 0.13478921 -0.00817828
-0.06301211 0.13478240 -0.00755325
-0.05862981 0.13403615 -0.00634452
-0.07390209 0.14091177 -0.00743935
-0.06902530 0.14071278 -0.00871010
-0.06327846 0.14077042 -0.00762856
-0.07546131 0.14686491 -0.00943645
-0.06265416 0.14666560 -0.00888293
-0.07654165 0.15300955 -0.00915656
-0.06331056 0.15293093 -0.00916016
-0.04807570 0.15465000 -0.00633475
-0.04441829 0.15361753 -0.00712318
-0.03895185 0.15348396 -0.00793194
-0.03307995 0.15443833 -0.00795248
-0.02807251 0.15556814 -0.00752816
-0.07532690 0.15861532 -0.00925406
-0.06862798 0.15959929 -0.00870007
-0.06518731 0.15730341 -0.01008114
-0.04853520 0.15803914 -0.00664172
-0.04474152 0.15853876 -0.00879471
-0.03895396 0.15774117 -0.01078038
-0.03294146 0.15695615 -0.01095537
-0.02640426 0.15739846 -0.01003265
-0.02081343 0.15847057 -0.00882769
-0.01634426 0.16051641 -0.00984580
-0.07269850 0.16219249 -0.01139295
-0.07090020 0.16230950 -0.01146640
-0.04458426 0.16453078 -0.00879296
-0.04082583 0.16483925 -0.01148454
-0.03053540 0.16680150 -0.00657690
-0.02670833 0.16552040 -0.00771702
-0.02105147 0.16466391 -0.00915699
-0.01557944 0.16343321 -0.01037078
-0.04323553 0.16949232 -0.00802130
-0.03970013 0.17121850 -0.01025569
-0.03068813 0.16974717 -0.00678666
-0.02729136 0.17056860 -0.00953876
-0.02330993 0.16878468 -0.01165420
-0.03781902 0.17472260 -0.00851721
-0.03321082 0.17772152 -0.00916095
-0.02684420 0.17640635 -0.00882695
-0.02379940 0.17865700 -0.01170330
-0.02654163 0.18120001 -0.00933085
-0.02326189 0.18232298 -0.01105078
-0.06885137 0.03407517 -0.00300074
-0.06286287 0.03342517 -0.00274100
-0.05678548 0.03341740 -0.00298846
-0.05111435 0.03350977 -0.00307545
-0.04493745 0.03367616 -0.00293977
-0.04132134 0.03401462 -0.00277007
0.00494658 0.03519768 -0.00119640
0.00922677 0.03442696 -0.00292686
0.01494586 0.03442030 -0.00298969
0.01985572 0.03522025 -0.00321008
-0.06854668 0.03929487 -0.00265939
-0.06526397 0.04144793 -0.00522733
-0.03679620 0.03837140 -0.00507539
-0.03268492 0.03834394 -0.00269214
-0.02714976 0.03833099 -0.00309013
-0.02106031 0.03841722 -0.00314100
-0.01497342 0.03856689 -0.00258750
-0.00919179 0.03878341 -0.00327616
-0.00294092 0.03896231 -0.00298119
0.00255984 0.03839524 -0.00335584
0.00707963 0.03656120 -0.00575515
0.02214768 0.03767680 -0.00387383
0.02674489 0.03983204 -0.00375243
0.03275203 0.03984599 -0.00202038
0.03734589 0.04054313 -0.00129802
-0.06722180 0.04282637 -0.00061362
-0.06294562 0.04409327 -0.00293721
-0.05785389 0.04663338 -0.00348531
0.02791900 0.04314002 -0.00568430
0.03294610 0.04403347 -0.00517318
0.03919422 0.04481407 -0.00398773
0.04479805 0.04629980 -0.00259477
0.04886190 0.04743600 -0.00062095
-0.05589159 0.05114804 -0.00277809
0.04576794 0.05041571 -0.00508744
0.05030178 0.05138093 -0.00261862
-0.05597785 0.05704460 -0.00272897
0.03984539 0.05789375 -0.00518729
0.04492221 0.05755202 -0.00531541
0.05112715 0.05711379 -0.00387977
0.05463121 0.05775724 -0.00129950
-0.06783025 0.06437118 -0.00221473
-0.06340598 0.06247851 -0.00302629
-0.05788185 0.06093114 -0.00335429
0.04073524 0.06270441 -0.00457552
0.04504561 0.06305297 -0.00234633
0.05084876 0.06277500 -0.00252196
0.05476401 0.06186859 -0.00079243
-0.07467902 0.07026087 -0.00236186
-0.06991553 0.06780880 -0.00416358
0.04152754 0.06715745 -0.00510579
0.04311594 0.06922498 -0.00269821
0.05063060 0.06623872 -0.00035084
-0.07989384 0.07550641 -0.00270112
-0.07725158 0.07338547 -0.00524867
0.04347106 0.07536094 -0.00319034
-0.08436690 0.08310645 -0.00100000
-0.08198246 0.08066574 -0.00321660
0.04355958 0.08111808 -0.00329053
-0.08507335 0.08745404 -0.00209002
-0.08316924 0.08648251 -0.00496149
0.04385841 0.08675230 -0.00330249
-0.08515751 0.09315859 -0.00245777
-0.08349628 0.09356426 -0.00535581
0.04144735 0.09479403 -0.00513290
0.04310236 0.09256273 -0.00284500
-0.08471274 0.09858584 -0.00186676
-0.08288037 0.09946322 -0.00474713
0.04064920 0.09957755 -0.00362501
0.04232883 0.09769847 -0.00115030
-0.08433226 0.10252867 -0.00095253
-0.08197960 0.10528625 -0.00319443
0.03562545 0.10718650 -0.00589450
0.03832012 0.10451346 -0.00309017
-0.08015986 0.11089952 -0.00243372
-0.07678589 0.11251099 -0.00491803
0.03430289 0.11139873 -0.00312294
0.03657712 0.10850760 -0.00202755
-0.08548374 0.11830400 -0.00117768
-0.08133624 0.11696547 -0.00336687
-0.07719623 0.11586667 -0.00545717
0.02759418 0.11804758 -0.00371588
0.03147391 0.11545735 -0.00228191
-0.08622774 0.12312657 -0.00208705
-0.08189632 0.12287855 -0.00460630
-0.03738915 0.12577325 -0.00469080
-0.03297560 0.12431493 -0.00334092
-0.02700776 0.12341502 -0.00335488
-0.02106474 0.12444939 -0.00307841
-0.01570540 0.12506816 -0.00408520
0.01148340 0.12583700 -0.00562569
0.01588879 0.12486140 -0.00430617
0.02122495 0.12293827 -0.00282130
0.02549409 0.12065622 -0.00187591
-0.08567377 0.12849672 -0.00190015
-0.08156304 0.12879947 -0.00472579
-0.05495267 0.12986422 -0.00547818
-0.05074244 0.12883368 -0.00379205
-0.04496371 0.12768824 -0.00302459
-0.03939387 0.12691242 -0.00260968
-0.03511940 0.12632549 -0.00040467
-0.01424864 0.12661955 -0.00185850
-0.00911712 0.12763567 -0.00284547
-0.00311078 0.12825003 -0.00324097
0.00286753 0.12837508 -0.00312773
0.00910612 0.12789984 -0.00312953
0.01428143 0.12698834 -0.00179707
0.01809050 0.12620001 -0.00001261
-0.08459620 0.13251750 -0.00121860
-0.08139847 0.13501251 -0.00291958
-0.07763796 0.13517466 -0.00555472
-0.05628366 0.13530475 -0.00468892
-0.05206773 0.13461825 -0.00194728
-0.08025178 0.14061010 -0.00281185
-0.07695124 0.14075689 -0.00552606
-0.06093407 0.14191401 -0.00507377
-0.05692149 0.14087117 -0.00329412
-0.05324136 0.14035766 -0.00074109
-0.07943787 0.14643285 -0.00198679
-0.07704865 0.14674710 -0.00495859
-0.06143583 0.14720912 -0.00376346
-0.05689168 0.14672510 -0.00173557
-0.05078704 0.14691903 -0.00191368
-0.04500084 0.14789505 -0.00258694
-0.04022536 0.14908588 -0.00182354
-0.07838638 0.15062299 -0.00168026
-0.07674018 0.15335901 -0.00342172
-0.06698563 0.15530519 -0.00245168
-0.06387009 0.15248109 -0.00278165
-0.05635198 0.15245879 -0.00148547
-0.05068300 0.15230408 -0.00420973
-0.04530883 0.15093933 -0.00527595
-0.03827853 0.15072550 -0.00395552
-0.03276557 0.15312414 -0.00270560
-0.02824620 0.15503645 -0.00392017
-0.07400899 0.15724477 -0.00387170
-0.06969677 0.15738295 -0.00323974
-0.05484726 0.15765065 -0.00145657
-0.05169987 0.15907553 -0.00392488
-0.03276430 0.16101034 -0.00098948
-0.02629736 0.15857731 -0.00162779
-0.02190457 0.15932734 -0.00424293
-0.04993426 0.16448155 -0.00321174
-0.04725203 0.16647433 -0.00556367
-0.03687460 0.16419837 -0.00081419
-0.03326989 0.16458483 -0.00350801
-0.02719914 0.16281188 -0.00482554
-0.02330930 0.16249800 -0.00577898
-0.04486437 0.16990282 -0.00307283
-0.03965856 0.17272578 -0.00252725
-0.03331808 0.17052281 -0.00294327
-0.03752283 0.17468517 -0.00414400
-0.03267944 0.17596436 -0.00391278
-0.02932184 0.17702000 -0.00535495
-0.07247705 0.03532425 0.00266372
-0.06911597 0.03381321 0.00305879
-0.06297773 0.03347917 0.00311398
-0.05729069 0.03350838 0.00289182
-0.05092506 0.03353131 0.00319609
-0.04497599 0.03357064 0.00307733
-0.03953050 0.03365510 0.00308540
-0.03523230 0.03372480 0.00491425
0.00326417 0.03461379 0.00358435
0.00900138 0.03440681 0.00269333
0.01531816 0.03474377 0.00234883
0.02047060 0.03473706 0.00317666
0.02651212 0.03513351 0.00396374
0.03093110 0.03558640 0.00553080
-0.07241687 0.03677000 0.00343618
-0.07090361 0.03958233 0.00231483
-0.03102513 0.03816707 0.00235352
-0.02714217 0.03824000 0.00277309
-0.02092524 0.03830875 0.00303313
-0.01507058 0.03841506 0.00304927
-0.00906379 0.03859329 0.00294875
-0.00289846 0.03848562 0.00310100
0.00093645 0.03725905 0.00169872
0.00865583 0.03617885 0.00516494
0.01579955 0.03618045 0.00381271
0.02782232 0.03657408 0.00065570
0.03310659 0.03716126 0.00292095
0.03905880 0.03924512 0.00289388
0.04319273 0.04109183 0.00377226
-0.06823837 0.04354364 0.00318275
-0.06342121 0.04611199 0.00266021
0.04173080 0.04227490 0.00024864
0.04583855 0.04348075 0.00234660
0.05047793 0.04638388 0.00306598
-0.05767810 0.05080779 0.00315482
0.05297897 0.04993191 0.00125719
0.05546753 0.05197518 0.00332274
-0.06122224 0.05971346 0.00395866
-0.05766286 0.05721739 0.00296644
0.05706257 0.05714928 0.00268463
-0.07270353 0.06534158 0.00359493
-0.06910602 0.06319027 0.00281303
-0.06394065 0.06088188 0.00254602
0.05357890 0.06580410 0.00011966
0.05740748 0.06305695 0.00249880
-0.07937503 0.07171852 0.00455195
-0.07569525 0.06867543 0.00302329
0.04584474 0.06934355 0.00197378
0.05116877 0.06949186 0.00288548
0.05654049 0.06838769 0.00375407
-0.08415360 0.07769160 0.00500686
-0.08174623 0.07517368 0.00289568
0.04554841 0.07509312 0.00272917
-0.08492158 0.08155123 0.00381140
-0.08341777 0.08016767 0.00138159
0.04547434 0.08127080 0.00269747
-0.08706862 0.08691684 0.00282482
0.04525988 0.08686551 0.00268733
-0.08693253 0.09291615 0.00307919
0.04462840 0.09314851 0.00268284
-0.08674755 0.09881300 0.00291967
0.04178020 0.10142151 0.00068626
0.04292630 0.09919227 0.00285974
-0.08541752 0.10460667 0.00313088
-0.08359274 0.10702100 0.00072878
0.04027024 0.10513105 0.00265909
-0.08534348 0.11116450 0.00402529
-0.08310322 0.11058651 0.00110447
0.03523180 0.11300489 0.00282318
0.03739376 0.10990572 0.00303668
-0.09031725 0.11894976 0.00505466
-0.08773685 0.11688752 0.00243296
0.02910911 0.11926728 0.00189279
0.03238739 0.11665713 0.00319921
-0.09029582 0.12334874 0.00528711
-0.08885782 0.12330662 0.00229239
-0.03151293 0.12546737 0.00252425
-0.02710085 0.12506405 0.00267594
-0.02233688 0.12568133 0.00154416
0.02194761 0.12477785 0.00245726
0.02632509 0.12181711 0.00325967
-0.09031310 0.12676699 0.00528424
-0.08848751 0.12887606 0.00266152
-0.04854820 0.13121849 0.00044384
-0.04505279 0.12957557 0.00288488
-0.03892146 0.12797783 0.00285057
-0.03421681 0.12676080 0.00365869
-0.02045258 0.12665914 0.00367639
-0.01519198 0.12782358 0.00283944
-0.00906943 0.12935890 0.00311249
-0.00292774 0.13021959 0.00253731
0.00311256 0.13066386 0.00270123
0.00903502 0.13019238 0.00284201
0.01504593 0.12839444 0.00272430
0.01928934 0.12658873 0.00343503
-0.08712748 0.13495150 0.00275753
-0.04933357 0.13500951 0.00269004
-0.04753042 0.13241275 0.00406207
-0.08538812 0.14065377 0.00377216
-0.08273458 0.14179130 0.00120140
-0.05055518 0.14089705 0.00273356
-0.08445077 0.14668524 0.00514871
-0.08257098 0.14664486 0.00217073
-0.04897759 0.14436688 0.00242596
-0.04479166 0.14658953 0.00307737
-0.04027472 0.14942421 0.00236453
-0.08451320 0.15010899 0.00517030
-0.08071742 0.15184629 0.00297342
-0.07515882 0.15489264 0.00310135
-0.06875841 0.15531817 0.00317969
-0.06294081 0.15429220 0.00292713
-0.05845810 0.15499334 0.00070178
-0.04217780 0.15066899 0.00550662
-0.03880505 0.15270247 0.00361114
-0.03440209 0.15408280 0.00114842
-0.07269950 0.15634200 0.00032204
-0.07057810 0.15614501 0.00104971
-0.05655809 0.15925395 0.00298667
-0.05314820 0.16124099 0.00587596
-0.04297897 0.15905750 0.00510751
-0.03904245 0.15902457 0.00316616
-0.03294743 0.15799209 0.00223581
-0.02878664 0.15900061 0.00071148
-0.05070837 0.16406846 0.00270302
-0.04501671 0.16512834 0.00440236
-0.03957446 0.16459036 0.00252143
-0.04432692 0.16871899 0.00142643
-0.03885812 0.16956584 0.00144746
-0.03549980 0.17123000 0.00017439
-0.07236440 0.03525198 0.00719648
-0.06916507 0.03437612 0.00909651
-0.06301474 0.03368149 0.00895743
-0.05678969 0.03352953 0.00918327
-0.05110089 0.03406446 0.00849448
-0.04500340 0.03470454 0.00735503
-0.03888809 0.03437504 0.00878201
-0.03401083 0.03378496 0.00927917
-0.00056439 0.03545437 0.00946718
0.00264830 0.03428661 0.00904673
0.00621941 0.03513410 0.00654928
0.02207063 0.03508326 0.00833715
0.02701912 0.03468432 0.00929709
0.03201297 0.03532933 0.01009187
-0.07239366 0.03718564 0.00750395
-0.06980958 0.03909250 0.00947235
-0.03878955 0.03618495 0.01100505
-0.02617209 0.03804385 0.00864561
-0.02078995 0.03819348 0.00914232
-0.01526941 0.03832705 0.00890770
-0.00886965 0.03845830 0.00924892
-0.00334260 0.03784072 0.00886834
0.02053220 0.03620055 0.00847116
0.03467155 0.03627840 0.00892414
0.03917149 0.03823899 0.00858809
0.04447139 0.04083855 0.00928640
-0.06777304 0.04323474 0.00821771
-0.06320278 0.04510159 0.00951681
-0.05799686 0.04697764 0.01007999
0.04746710 0.04259100 0.00909331
0.05096254 0.04521183 0.00862219
0.05440784 0.04787620 0.01020549
-0.05611465 0.05059480 0.00874510
-0.05355490 0.05174625 0.01151517
0.05706352 0.05159727 0.00868875
-0.06252739 0.05915857 0.00940538
-0.05692177 0.05678431 0.00900132
-0.05362047 0.05501206 0.01141894
0.05912579 0.05680830 0.00822566
0.06033317 0.05906832 0.00999523
-0.07326204 0.06471060 0.00899328
-0.06895050 0.06157023 0.00907585
-0.06488656 0.06016770 0.00766210
0.05964978 0.06336196 0.00633886
0.06055322 0.06290447 0.00925194
-0.07926515 0.07047964 0.00930402
-0.07598276 0.06753606 0.00879533
0.05032197 0.07174443 0.00604604
0.05821073 0.06969498 0.00830070
0.06023144 0.06701456 0.01034038
-0.08450565 0.07777464 0.00901648
-0.08208787 0.07426102 0.00913994
0.04668864 0.07546833 0.00854382
0.05099649 0.07287008 0.00930374
0.05551993 0.07253091 0.00973506
-0.08604810 0.08124086 0.00899969
0.04627361 0.08134430 0.00868078
-0.08812953 0.08677152 0.00897432
0.04588237 0.08691750 0.00867326
-0.08882751 0.09286335 0.00894417
0.04520210 0.09319748 0.00866540
-0.08874607 0.09894660 0.00891285
0.04347126 0.09942690 0.00866433
-0.08706542 0.10496512 0.00888081
0.04068225 0.10575381 0.00857963
0.04207338 0.10286817 0.00866516
-0.09051085 0.11326399 0.01083605
-0.08724349 0.11091769 0.00866091
0.03559148 0.11336616 0.00927097
0.03778934 0.11033425 0.00913755
-0.09162655 0.11686511 0.00881469
-0.08975590 0.11454400 0.00631807
0.02959020 0.11998200 0.00635040
0.03261023 0.11712530 0.00894649
-0.09224937 0.12281924 0.00886546
-0.03043917 0.12589133 0.00866433
-0.02778559 0.12574942 0.00878050
0.02281399 0.12534608 0.00862444
0.02696971 0.12239901 0.00911370
-0.09166294 0.12886554 0.00875476
-0.04423897 0.13023537 0.00898161
-0.03900174 0.12840012 0.00880472
-0.03329160 0.12688322 0.00914812
-0.02489064 0.12627099 0.01011202
-0.02090230 0.12727435 0.00908476
-0.01487579 0.12882069 0.00896581
-0.00894589 0.13013947 0.00911775
-0.00297660 0.13104583 0.00884729
0.00318477 0.13153508 0.00899892
0.00908573 0.13107179 0.00898299
0.01504369 0.12927178 0.00907889
0.01996688 0.12697303 0.00915048
-0.09067021 0.13326907 0.00901105
-0.08886115 0.13656825 0.00845870
-0.04849993 0.13657500 0.00840301
-0.04707673 0.13378128 0.00937257
-0.08711795 0.14120553 0.00868690
-0.04928331 0.14091359 0.00890290
-0.08740968 0.14672062 0.00870071
-0.04921147 0.14653338 0.01003868
-0.04638081 0.14803751 0.00781852
-0.08606689 0.15131153 0.00905171
-0.08102427 0.15401566 0.00922750
-0.07518522 0.15547900 0.00907417
-0.06884444 0.15568975 0.00860811
-0.06308412 0.15564042 0.00931788
-0.05816757 0.15588701 0.01132947
-0.05012395 0.15332687 0.01102489
-0.04521963 0.15287033 0.00817869
-0.04127853 0.15461066 0.00630100
-0.07284040 0.15611100 0.01190630
-0.07021017 0.15605901 0.01138967
-0.05660471 0.15738642 0.00861338
-0.05080378 0.15884691 0.00858860
-0.04587499 0.15842550 0.00739299
-0.04121960 0.15653801 0.00607955
-0.04849290 0.16224501 0.00645185
-0.04650204 0.16226600 0.00638281
-0.06748501 0.03511746 0.01349658
-0.06313806 0.03426428 0.01528574
-0.05701336 0.03362345 0.01512939
-0.05329195 0.03342792 0.01410640
-0.03639725 0.03558175 0.01293725
-0.03360343 0.03418605 0.01480174
-0.02933235 0.03484185 0.01685155
-0.00051302 0.03547078 0.01473192
0.00282058 0.03435108 0.01506057
0.00699139 0.03436435 0.01652750
0.02320131 0.03537701 0.01526347
0.02679536 0.03484690 0.01484196
0.03171274 0.03553177 0.01450417
-0.06704041 0.03835684 0.01360456
-0.06351466 0.03944139 0.01594260
-0.05935490 0.04105340 0.01795520
-0.03690200 0.03621430 0.01316720
-0.02549005 0.03788462 0.01534794
-0.02108198 0.03810760 0.01499220
-0.01483979 0.03825705 0.01505362
-0.00897182 0.03836945 0.01522006
-0.00323292 0.03770831 0.01506440
0.02174950 0.03627520 0.01506725
0.03430382 0.03663508 0.01588133
0.03894391 0.03835391 0.01512129
0.04447308 0.04091673 0.01481689
-0.06217790 0.04289382 0.01365211
-0.05705765 0.04462999 0.01476094
-0.05248335 0.04654704 0.01604080
0.04725850 0.04245245 0.01589213
0.05079611 0.04474432 0.01476304
0.05452022 0.04782198 0.01469908
-0.05120040 0.05073203 0.01485260
0.05745721 0.05161692 0.01468513
-0.06291132 0.05912622 0.01480612
-0.05837497 0.05789536 0.01498648
-0.05151208 0.05506525 0.01467744
0.05945424 0.05614647 0.01486649
0.06037339 0.05890753 0.01444220
-0.07311806 0.06477428 0.01501565
-0.06916258 0.06166372 0.01501184
-0.06545490 0.06011855 0.01657540
0.06077939 0.06303665 0.01466454
-0.07930117 0.07028199 0.01499278
-0.07602431 0.06770833 0.01515128
0.05887906 0.07034992 0.01503555
0.06051266 0.06711297 0.01443204
-0.08450861 0.07776636 0.01524930
-0.08204207 0.07464528 0.01508465
0.04678015 0.07548995 0.01451546
0.05098491 0.07342129 0.01504967
0.05551980 0.07292572 0.01488969
-0.08634085 0.08129645 0.01499472
0.04611103 0.08111649 0.01481018
-0.08810372 0.08679787 0.01496617
0.04558544 0.08689932 0.01466637
-0.08954271 0.09293277 0.01493544
0.04484222 0.09318039 0.01466040
-0.08939332 0.09900945 0.01490260
0.04192660 0.10146200 0.01715930
0.04317025 0.09932756 0.01455200
-0.08769240 0.10502570 0.01486850
0.04076268 0.10493565 0.01466313
-0.09108804 0.11320041 0.01550043
-0.08799174 0.11057401 0.01495338
0.03557838 0.11332384 0.01523382
0.03778752 0.11019470 0.01498360
-0.09300774 0.11671165 0.01481255
0.02996965 0.11981250 0.01647885
0.03270506 0.11696596 0.01492804
-0.09390621 0.12278833 0.01477641
-0.03070460 0.12573199 0.01568263
-0.02736576 0.12557301 0.01528542
0.02295425 0.12541728 0.01489008
0.02699013 0.12244521 0.01501349
-0.09311897 0.12891817 0.01474445
-0.04403204 0.12965338 0.01504366
-0.03904403 0.12770016 0.01485477
-0.03354431 0.12671649 0.01481063
-0.02493660 0.12628900 0.01287860
-0.02110395 0.12716487 0.01498750
-0.01499107 0.12892906 0.01510901
-0.00900558 0.13026267 0.01493630
-0.00292705 0.13112624 0.01506046
0.00319806 0.13160492 0.01509403
0.00909788 0.13114750 0.01494579
0.01501163 0.12927432 0.01509593
0.01998027 0.12706140 0.01503341
-0.09104244 0.13476211 0.01502087
-0.08957107 0.13712275 0.01271433
-0.04833759 0.13671680 0.01521371
-0.04692829 0.13408810 0.01497018
-0.09105521 0.14146242 0.01589411
-0.08928655 0.14097789 0.01300418
-0.04990808 0.14089997 0.01489253
-0.09092943 0.14699683 0.01496155
-0.08977201 0.14515033 0.01248090
-0.05133303 0.14702304 0.01497271
-0.09055482 0.15018460 0.01513900
-0.08735758 0.15237047 0.01489634
-0.08086798 0.15491971 0.01502731
-0.07674792 0.15583113 0.01509211
-0.06144352 0.15593083 0.01487732
-0.05678402 0.15517159 0.01484554
-0.05247552 0.15221678 0.01468613
-0.07386994 0.15617684 0.01535391
-0.06903784 0.15622021 0.01496643
-0.06439611 0.15612708 0.01551585
-0.06228884 0.03483240 0.02055612
-0.05698001 0.03381139 0.02111959
-0.05315474 0.03355296 0.02149892
-0.03625000 0.03514418 0.02191150
-0.03307925 0.03421776 0.02057634
-0.02962240 0.03522510 0.01914600
0.00371125 0.03496256 0.02046056
0.00859575 0.03461412 0.02116272
0.01509197 0.03459388 0.02250533
0.02129193 0.03495064 0.02132599
0.02643033 0.03532692 0.01974824
0.03033430 0.03584930 0.01810650
-0.06111001 0.03915231 0.02092103
-0.05902442 0.04016020 0.02023340
-0.03015180 0.03608090 0.02367410
-0.02651828 0.03781607 0.02106291
-0.02107749 0.03813067 0.02112155
-0.01492881 0.03827845 0.02091416
-0.00923852 0.03840620 0.02108816
-0.00265464 0.03831347 0.02086067
0.00157277 0.03711873 0.02214046
0.01896010 0.03612600 0.01918570
0.02826674 0.03663494 0.02244194
0.03311589 0.03761521 0.02141674
0.03908001 0.03967110 0.02109856
0.04316225 0.04124184 0.02001940
-0.05631777 0.04333980 0.02147700
-0.05248852 0.04634140 0.02092034
0.04561001 0.04296513 0.02160951
0.05064306 0.04587800 0.02084830
0.05413810 0.04777550 0.01820120
-0.05128516 0.05096582 0.02113308
0.05264876 0.04866578 0.02280316
0.05626618 0.05169249 0.02076937
-0.06118933 0.05962392 0.01938307
-0.05710603 0.05893924 0.02091386
-0.05191226 0.05571030 0.02114820
0.05856973 0.05728336 0.02101444
0.06002070 0.05951650 0.01816860
-0.07269896 0.06530901 0.01974216
-0.06909301 0.06325812 0.02104407
-0.06361280 0.06107914 0.02143305
-0.05920722 0.06058013 0.02335170
0.05896757 0.06272081 0.02176545
0.06018415 0.06344902 0.01851253
-0.07877677 0.07120103 0.02009458
-0.07538207 0.06853686 0.02120318
-0.07182220 0.06661540 0.02373190
0.04635428 0.07075128 0.02188576
0.05108668 0.07105784 0.02251491
0.05764320 0.06879033 0.02095429
0.06017310 0.06645580 0.01816540
-0.08126501 0.07520732 0.02091025
0.04556022 0.07484565 0.02115363
0.05148749 0.07261015 0.01953954
0.05512948 0.07242255 0.01909018
-0.08521391 0.08121619 0.02032993
-0.08360375 0.07947332 0.02249542
0.04554650 0.08114606 0.02080650
-0.08748254 0.08689927 0.02117289
0.04506017 0.08686549 0.02066531
-0.08899362 0.09294139 0.02113307
0.04416281 0.09313972 0.02065953
-0.08852342 0.09886381 0.02113483
0.04144685 0.10097145 0.02116410
0.04270731 0.09841070 0.02036285
-0.08648210 0.10500145 0.02085803
0.03999481 0.10490308 0.02066777
-0.09075322 0.11346117 0.01948997
-0.08734771 0.11131812 0.02120361
0.03514608 0.11314774 0.02140125
0.03742776 0.10978356 0.02083860
-0.09274219 0.11663217 0.02094289
0.02965476 0.11951200 0.02177486
0.03236273 0.11680132 0.02084369
-0.09444483 0.12282827 0.02077715
-0.04362300 0.12496009 0.02221077
-0.03899904 0.12511113 0.02231476
-0.03276613 0.12449695 0.02132173
-0.02715514 0.12373628 0.02103540
-0.02214584 0.12504257 0.02147590
0.02208067 0.12519595 0.02166648
0.02655690 0.12222346 0.02085447
-0.09359809 0.12896667 0.02074451
-0.04538349 0.12916146 0.02101513
-0.03893537 0.12645355 0.01924375
-0.03433860 0.12614566 0.01853567
-0.01965833 0.12667358 0.01989774
-0.01524410 0.12793776 0.02110907
-0.00906727 0.12966885 0.02098149
-0.00288739 0.13045444 0.02118127
0.00311071 0.13085701 0.02091353
0.00906341 0.13036779 0.02108767
0.01495893 0.12858859 0.02098362
0.01944968 0.12665123 0.02046319
-0.09107704 0.13506918 0.02062337
-0.08987940 0.13649400 0.02321140
-0.04930111 0.13584274 0.02147666
-0.04726531 0.13340938 0.02028557
-0.09114496 0.14130358 0.02067225
-0.05169073 0.14084868 0.02088851
-0.09147418 0.14679527 0.02064540
-0.05278486 0.14712425 0.02083354
-0.09054597 0.15021721 0.02012238
-0.08745055 0.15226887 0.02096137
-0.08078426 0.15484792 0.02083408
-0.07599402 0.15578164 0.02180538
-0.06128641 0.15579450 0.02182253
-0.05678180 0.15459992 0.02099585
-0.05348876 0.15172750 0.02099160
-0.07355657 0.15613857 0.02055709
-0.06885330 0.15629743 0.02093827
-0.06375860 0.15614672 0.02052467
-0.06616170 0.03535680 0.02884490
-0.06290231 0.03449517 0.02691400
-0.05716911 0.03416643 0.02717682
-0.05129076 0.03410567 0.02736130
-0.04469572 0.03403008 0.02821388
-0.03884126 0.03431515 0.02756765
-0.03367595 0.03464106 0.02669631
0.00579995 0.03557490 0.02425990
0.00969063 0.03515892 0.02633217
0.01472228 0.03479507 0.02687945
0.02056430 0.03522551 0.02662468
-0.06633385 0.03766965 0.02921225
-0.06412255 0.03995772 0.02677697
-0.03063880 0.03762810 0.02848040
-0.02694502 0.03807685 0.02712209
-0.02083853 0.03835145 0.02695964
-0.01520808 0.03849722 0.02682327
-0.00878879 0.03863195 0.02705316
-0.00311049 0.03877103 0.02690354
0.00322579 0.03855772 0.02683287
0.00790158 0.03744409 0.02810069
0.02344687 0.03687087 0.02851103
0.02705073 0.03834129 0.02719729
0.03276544 0.04018800 0.02656951
0.03831935 0.04105225 0.02543507
-0.06180161 0.04370807 0.02777551
-0.05690642 0.04622289 0.02702953
-0.05350090 0.04769665 0.02515955
0.03323246 0.04340702 0.02923757
0.03930743 0.04344635 0.02828242
0.04475482 0.04540596 0.02699363
0.04861687 0.04659347 0.02515453
-0.05253440 0.05112233 0.02714838
0.04691355 0.04863293 0.02895837
0.05077995 0.05080809 0.02699085
0.05481642 0.05335702 0.02495808
-0.05221178 0.05696836 0.02713848
0.05219260 0.05664578 0.02900304
0.05558450 0.05753580 0.02593594
-0.06775422 0.06500531 0.02619176
-0.06305142 0.06339546 0.02710488
-0.05744598 0.06191592 0.02731710
-0.05310012 0.06107046 0.02854064
0.04117943 0.06342916 0.02920347
0.04449194 0.06381989 0.02855855
0.05158930 0.06325590 0.02883916
0.05591146 0.06286935 0.02627659
-0.07453147 0.06988518 0.02687218
-0.07017308 0.06717138 0.02762109
0.04147715 0.06837117 0.02911720
0.04431641 0.06851067 0.02639053
0.05109688 0.06811441 0.02598533
0.05532555 0.06743156 0.02504889
-0.07972477 0.07572345 0.02659559
-0.07721824 0.07318036 0.02811690
0.04320456 0.07515448 0.02703216
-0.08433773 0.08263843 0.02577889
-0.08257610 0.08002716 0.02766587
0.04346520 0.08125768 0.02679623
-0.08538122 0.08724396 0.02652730
-0.08377270 0.08660988 0.02933898
0.04158502 0.08887406 0.02928566
0.04332699 0.08660510 0.02652529
-0.08602529 0.09310253 0.02737280
0.04132754 0.09399661 0.02821754
0.04281182 0.09256554 0.02568028
-0.08581863 0.09896787 0.02685356
-0.08334085 0.10129050 0.02938502
0.04015346 0.09933808 0.02705639
0.04233550 0.09725870 0.02416150
-0.08493145 0.10469954 0.02523718
-0.08267377 0.10586844 0.02801519
0.03535995 0.10735450 0.02930980
0.03811530 0.10482821 0.02694406
-0.08609001 0.11209478 0.02668307
-0.08277268 0.10970620 0.02789845
0.03403179 0.11149751 0.02750942
0.03681822 0.10906266 0.02530384
-0.09153076 0.11711091 0.02651468
-0.08926409 0.11464212 0.02736349
-0.04537187 0.11938243 0.02931927
-0.04150500 0.11936200 0.02995690
-0.03224725 0.11940383 0.02944948
-0.02814024 0.11971841 0.02906690
0.02800772 0.11834501 0.02765472
0.03144178 0.11580299 0.02641515
-0.09328817 0.12283804 0.02678457
-0.04843806 0.12252167 0.02983923
-0.04563006 0.12272177 0.02682697
-0.03845326 0.12232866 0.02710501
-0.03314074 0.12167122 0.02660420
-0.02673434 0.12138575 0.02661126
-0.02099549 0.12320380 0.02696284
-0.01563766 0.12503274 0.02783742
0.01622970 0.12505840 0.02837990
0.02101858 0.12358160 0.02714128
0.02560056 0.12128714 0.02607657
-0.09264088 0.12898909 0.02674895
-0.04860865 0.12976450 0.02838418
-0.04710039 0.12871942 0.02582072
-0.01365955 0.12696326 0.02569525
-0.00889109 0.12776622 0.02698456
-0.00298409 0.12862359 0.02709136
0.00297812 0.12880258 0.02693320
0.00898243 0.12832949 0.02710947
0.01436890 0.12716901 0.02640035
-0.09087403 0.13324308 0.02652788
-0.08926903 0.13659623 0.02684783
-0.05090308 0.13503560 0.02709284
-0.09066220 0.14213333 0.02613144
-0.08968787 0.14020340 0.02762800
-0.05463228 0.14143783 0.02900415
-0.05313417 0.14031549 0.02623347
-0.09078196 0.14619398 0.02569594
-0.08861331 0.14819971 0.02795978
-0.05475869 0.14732927 0.02766718
-0.05375148 0.14699683 0.02474133
-0.08634066 0.15133390 0.02655884
-0.08078338 0.15371223 0.02691955
-0.07490875 0.15502743 0.02711477
-0.06895308 0.15534665 0.02763515
-0.06293341 0.15517068 0.02694450
-0.05663086 0.15320835 0.02704172
-0.05374097 0.15095733 0.02480783
-0.06907518 0.15606120 0.02459386
-0.06659985 0.03545168 0.03245598
-0.06309300 0.03444841 0.03295672
-0.05669583 0.03439354 0.03314964
-0.05085528 0.03447458 0.03297055
-0.04511195 0.03452821 0.03307256
-0.03909303 0.03441126 0.03302214
-0.03471413 0.03490403 0.03243017
0.01128390 0.03532127 0.03283589
0.01481357 0.03483384 0.03291164
0.01932826 0.03532876 0.03289643
-0.06660927 0.03749499 0.03342848
-0.06528284 0.04094770 0.03284891
-0.03122916 0.03786558 0.03226296
-0.02691790 0.03851841 0.03293641
-0.02096575 0.03872201 0.03300165
-0.01467789 0.03886144 0.03284121
-0.00909782 0.03900811 0.03311243
-0.00291040 0.03915617 0.03297535
0.00270126 0.03933972 0.03267356
0.00849128 0.03818357 0.03189743
0.02247874 0.03732751 0.03343573
0.02616272 0.04024003 0.03232399
-0.06322961 0.04443480 0.03332262
-0.05863665 0.04726015 0.03255140
0.02851424 0.04432419 0.03384713
0.03240396 0.04635644 0.03143631
0.03878256 0.04604082 0.03091609
0.04252725 0.04673505 0.03051185
-0.05718178 0.04809552 0.03366558
-0.05150291 0.05102124 0.03328823
0.02991190 0.04915930 0.03597140
0.03348519 0.05083757 0.03312678
0.03910913 0.05051226 0.03203946
0.04490846 0.05095565 0.03160772
0.04843860 0.05351560 0.03063623
-0.05004064 0.05703475 0.03315579
0.03498353 0.05615036 0.03499162
0.03869261 0.05683856 0.03190871
0.04486633 0.05714742 0.03183926
0.04947877 0.05764888 0.03064375
-0.06220539 0.06513628 0.03127091
-0.05682048 0.06449053 0.03262964
-0.05127171 0.06299809 0.03376747
0.03887241 0.06300640 0.03293298
0.04583237 0.06133069 0.03050770
0.04926562 0.06142572 0.03035438
-0.07287452 0.07117216 0.03155490
-0.06888565 0.06936951 0.03269448
-0.06357769 0.06761979 0.03402106
-0.05817537 0.06686870 0.03545643
0.03950309 0.06931153 0.03309105
-0.07868390 0.07745680 0.03095853
-0.07503100 0.07493482 0.03301371
-0.07121190 0.07283600 0.03514688
0.03993841 0.07503607 0.03279341
-0.08003321 0.08109669 0.03261965
-0.07682737 0.07951843 0.03479926
0.03984965 0.08104999 0.03340553
-0.08135995 0.08713319 0.03295144
0.03978824 0.08678245 0.03308339
-0.08117560 0.09320541 0.03326958
0.03885150 0.09297258 0.03314309
-0.08094508 0.09873940 0.03276076
-0.07760810 0.09945830 0.03571676
0.03510891 0.09961502 0.03492315
0.03751418 0.09848110 0.03222548
-0.07973616 0.10464719 0.03195294
-0.07695270 0.10462593 0.03492986
0.03327979 0.10497807 0.03341487
0.03649457 0.10270775 0.03096205
-0.09039440 0.11374500 0.03545640
-0.08703250 0.11213265 0.03322225
-0.08126843 0.10969313 0.03299116
-0.07743100 0.10811500 0.03573990
-0.05577859 0.11332786 0.03568934
-0.05099494 0.11322224 0.03532816
-0.04499932 0.11322200 0.03516849
-0.03887380 0.11306185 0.03496069
-0.03300824 0.11320690 0.03474189
-0.02793597 0.11351943 0.03524143
0.02275680 0.11332650 0.03571060
0.02787540 0.11157171 0.03449256
0.03157187 0.11040557 0.03181479
-0.09183863 0.11670177 0.03298432
-0.08986420 0.11417500 0.03166440
-0.05463555 0.11652250 0.03537168
-0.05094336 0.11739933 0.03317906
-0.04515281 0.11670784 0.03203471
-0.03888664 0.11723770 0.03190437
-0.03310925 0.11696182 0.03185911
-0.02678770 0.11706358 0.03242628
-0.02146176 0.11823394 0.03410013
-0.01673548 0.11922024 0.03542565
0.01150150 0.11961600 0.03589410
0.01549968 0.11910155 0.03517939
0.02156357 0.11731824 0.03407391
0.02666551 0.11591522 0.03180853
0.03053870 0.11404700 0.03026250
-0.09263456 0.12286183 0.03277516
-0.05066001 0.12342925 0.03328159
-0.02011536 0.12140751 0.03113999
-0.01469930 0.12254860 0.03254071
-0.00902463 0.12397153 0.03289114
-0.00301349 0.12380784 0.03412750
0.00330358 0.12360777 0.03394387
0.00919698 0.12341355 0.03368327
0.01483632 0.12238261 0.03258319
0.02045908 0.12124626 0.03155706
-0.09151974 0.12899567 0.03274170
-0.05458643 0.13007675 0.03556085
-0.05139984 0.12892626 0.03288048
-0.00656981 0.12629649 0.03043790
-0.00256103 0.12650317 0.03087892
0.00267548 0.12649100 0.03082046
0.00798100 0.12637325 0.03055485
-0.09021071 0.13242517 0.03272350
-0.08968390 0.13585599 0.03270519
-0.06104505 0.13670200 0.03544325
-0.05640331 0.13503774 0.03380806
-0.05260208 0.13354099 0.03142894
-0.08928701 0.14133672 0.03266483
-0.06101504 0.13940689 0.03500532
-0.05760004 0.14114386 0.03235662
-0.08692316 0.14687112 0.03272718
-0.08250059 0.14935461 0.03503036
-0.06019940 0.14968000 0.03588890
-0.05771761 0.14738160 0.03281843
-0.08423370 0.15000500 0.03231700
-0.08087336 0.15146807 0.03265612
-0.07488364 0.15298106 0.03307165
-0.06889466 0.15339616 0.03309086
-0.06275828 0.15296817 0.03325220
-0.05822887 0.15205617 0.03225270
-0.06614700 0.03533560 0.03612540
-0.06298231 0.03479559 0.03897560
-0.05717955 0.03445742 0.03913295
-0.05110964 0.03454964 0.03901739
-0.04496517 0.03460374 0.03892764
-0.03920022 0.03464021 0.03930866
-0.03387944 0.03452429 0.03945599
-0.02981380 0.03449030 0.04111870
-0.00850640 0.03492605 0.04171425
-0.00238839 0.03483075 0.04081737
0.00349539 0.03472680 0.03957530
0.00889360 0.03464856 0.03911332
0.01507362 0.03494253 0.03886272
0.01873773 0.03561557 0.03771337
-0.06635400 0.03717815 0.03688655
-0.06467580 0.03930556 0.03932243
-0.03913650 0.04066820 0.04181020
-0.02637183 0.03885139 0.03700402
-0.02097572 0.03912995 0.03809754
-0.01535503 0.03927114 0.03787706
-0.00935519 0.03936864 0.03736620
-0.00493451 0.03941960 0.03665887
0.01794990 0.03600950 0.04080710
0.02154644 0.03884671 0.03946883
0.02458305 0.04056250 0.03679270
-0.06220609 0.04461779 0.03884792
-0.05759342 0.04718591 0.04000708
-0.05059757 0.04726750 0.04034238
-0.04481103 0.04665800 0.04066407
-0.03884119 0.04537794 0.04086609
-0.03526050 0.04748127 0.04049663
0.02221893 0.04534035 0.04072910
0.02589491 0.04503020 0.03781405
-0.05555656 0.04844113 0.03782265
-0.05036788 0.05002174 0.03730584
-0.04504138 0.05132776 0.03861406
-0.03899083 0.05130125 0.03927300
-0.03311325 0.05104369 0.03870632
-0.02694805 0.05259094 0.03947293
0.02249569 0.04988968 0.04088501
0.02701456 0.05132178 0.03883845
0.03110460 0.05270511 0.03699490
-0.04814370 0.05459220 0.03601020
-0.04513343 0.05678864 0.03849099
-0.03899560 0.05698286 0.03987685
-0.03298916 0.05680786 0.03794154
-0.02655376 0.05699697 0.03867134
0.02846849 0.05659608 0.04087690
0.03251250 0.05739647 0.03844905
-0.04892025 0.06476798 0.03661647
-0.04518301 0.06275907 0.03908299
-0.03899616 0.06273016 0.04123164
-0.03300045 0.06255798 0.03924064
-0.02676560 0.06254639 0.03925172
0.02958773 0.06099733 0.04150530
0.03301146 0.06300628 0.03971265
0.03668063 0.06384610 0.03663418
-0.06704503 0.07146370 0.03633173
-0.06220256 0.07041915 0.03738975
-0.05707248 0.06951409 0.03812506
-0.05093620 0.06898987 0.03837864
-0.04544643 0.06883667 0.04067417
-0.03905272 0.06878566 0.04175782
-0.03300082 0.06898961 0.04049134
-0.02783267 0.06851450 0.03997882
0.02963157 0.07041503 0.04164007
0.03340168 0.06880192 0.03966762
0.03689939 0.06932804 0.03660399
-0.07280122 0.07715976 0.03697962
-0.06884293 0.07521364 0.03808742
-0.06326507 0.07465719 0.04025408
-0.05687318 0.07343206 0.04105810
-0.05136432 0.07296629 0.04119645
-0.04700105 0.07329290 0.04171485
-0.03699670 0.07472640 0.04195525
-0.03300462 0.07537643 0.04126633
-0.02898997 0.07468206 0.04123591
0.03343285 0.07456721 0.04032280
0.03675538 0.07474508 0.03732473
-0.07449068 0.08148637 0.03788358
-0.06937020 0.08042714 0.04063060
-0.06541070 0.07825910 0.04148370
-0.03237982 0.08068243 0.04161952
0.03443240 0.08119743 0.04017694
0.03683632 0.08048475 0.03721880
-0.07859360 0.08695726 0.03648102
-0.07506317 0.08672495 0.03920595
-0.07107271 0.08695746 0.04155834
-0.03249230 0.08456150 0.04191490
0.03451857 0.08692259 0.04034619
0.03671268 0.08684745 0.03735473
-0.07818668 0.09205002 0.03652753
-0.07511064 0.09277072 0.03930139
-0.07128940 0.09323750 0.04167742
0.03376987 0.09337121 0.03974866
0.03674979 0.09170222 0.03702156
-0.07469997 0.09884260 0.03809825
-0.06941421 0.09940649 0.04084010
-0.06515644 0.10102833 0.04186130
-0.05149615 0.10151500 0.04189715
-0.04549060 0.10150700 0.04179646
-0.03949810 0.10007358 0.04148233
-0.03499960 0.10149300 0.04160055
0.02851752 0.09962975 0.04107630
0.03248930 0.09858121 0.03829975
-0.07420905 0.10474187 0.03701711
-0.06900895 0.10485054 0.03866751
-0.06299425 0.10494906 0.04040106
-0.05692623 0.10528906 0.04080812
-0.05099742 0.10496276 0.04030529
-0.04499470 0.10499518 0.04088184
-0.03898531 0.10492972 0.03944411
-0.03300526 0.10496286 0.04025519
-0.02724648 0.10587900 0.04097537
-0.02199560 0.10715400 0.04171468
0.00516971 0.10668700 0.04179773
0.00864728 0.10691071 0.04150930
0.01699120 0.10711550 0.04168105
0.02176699 0.10605200 0.04054958
0.02715557 0.10477350 0.03867517
0.03096235 0.10298900 0.03674488
-0.09037690 0.11370150 0.03818230
-0.08724986 0.11182529 0.03914074
-0.08111251 0.10982492 0.03904952
-0.07524785 0.10897763 0.03930404
-0.06900195 0.10970519 0.03869868
-0.06303155 0.11114439 0.03791128
-0.05737085 0.11049104 0.03746685
-0.05099971 0.10979827 0.03791310
-0.04499292 0.10982578 0.03816628
-0.03907284 0.10970172 0.03716561
-0.03300777 0.10977745 0.03739172
-0.02682869 0.11033378 0.03819166
-0.02100481 0.11061627 0.04002422
-0.01543726 0.11119906 0.04096235
-0.00934398 0.11257814 0.04150438
-0.00399063 0.11279526 0.04183488
0.00451537 0.11085937 0.04161698
0.00880991 0.11101442 0.04015060
0.01505824 0.11069012 0.03945225
0.02081741 0.11083712 0.03801921
0.02599485 0.10960150 0.03712390
-0.09197440 0.11655574 0.03895994
-0.06169653 0.11678270 0.04024849
-0.05714464 0.11765579 0.03788747
-0.05380870 0.11978800 0.03617410
-0.02051443 0.11514229 0.03716454
-0.01473365 0.11650404 0.03796755
-0.00899130 0.11691502 0.03908359
-0.00299232 0.11693862 0.03975665
0.00299290 0.11691456 0.03933504
0.00903117 0.11688983 0.03793469
0.01457636 0.11592115 0.03695197
0.01900145 0.11500075 0.03654435
-0.09281512 0.12288031 0.03896472
-0.06078815 0.12336300 0.04194225
-0.05693930 0.12339014 0.03960086
-0.05334640 0.12322240 0.03654978
-0.00849151 0.12103180 0.03624972
-0.00299368 0.12104601 0.03690301
0.00183991 0.12110360 0.03640462
0.00799895 0.12102000 0.03604430
-0.09111044 0.12894158 0.03872390
-0.08991840 0.13100500 0.04131450
-0.06164335 0.12952001 0.04060526
-0.05714259 0.12883878 0.03823478
-0.05387600 0.12691900 0.03612360
-0.09009236 0.13271201 0.03761668
-0.08928163 0.13553323 0.03912076
-0.06314725 0.13461803 0.03894864
-0.05890310 0.13333100 0.03690980
-0.08735406 0.14127986 0.03880109
-0.08343430 0.14335300 0.04159130
-0.06614300 0.14395800 0.04131470
-0.06364857 0.14125472 0.03881659
-0.08513948 0.14539534 0.03758652
-0.08092686 0.14741814 0.03893491
-0.07547595 0.14847200 0.04034934
-0.06899027 0.14803863 0.04036862
-0.06320620 0.14746773 0.03788100
-0.05992964 0.14682066 0.03626363
-0.07871795 0.15024300 0.03656055
-0.07451922 0.15065551 0.03740936
-0.06901477 0.15108483 0.03726385
-0.06403024 0.15082219 0.03657834
-0.06158429 0.03514478 0.04311640
-0.05690960 0.03506208 0.04454906
-0.05105762 0.03497465 0.04430302
-0.04571375 0.03535280 0.04364306
-0.03812953 0.03533469 0.04308755
-0.03288295 0.03494361 0.04515168
-0.02716638 0.03481774 0.04509091
-0.02129494 0.03480028 0.04582944
-0.01468653 0.03477275 0.04576331
-0.00881192 0.03474725 0.04490279
-0.00317967 0.03491745 0.04521107
0.00277280 0.03501207 0.04426230
0.00879994 0.03513038 0.04371952
0.01393440 0.03555223 0.04278979
-0.06185450 0.03825723 0.04379492
-0.05706716 0.03905891 0.04650408
-0.05095413 0.03877985 0.04607715
-0.04480636 0.03899936 0.04424114
-0.03823988 0.03836447 0.04403608
-0.03536918 0.03857844 0.04708591
-0.00196547 0.03960557 0.04729518
0.00272721 0.03943663 0.04618803
0.00903613 0.03943944 0.04522880
0.01504810 0.03878660 0.04402595
0.01900543 0.03985613 0.04269189
-0.06104202 0.04286986 0.04293687
-0.05701919 0.04419481 0.04412216
-0.05133934 0.04425669 0.04398211
-0.04513123 0.04343953 0.04298700
-0.03799007 0.04296437 0.04317610
-0.03373568 0.04520687 0.04524019
-0.02932637 0.04751170 0.04713513
-0.01249760 0.04720070 0.04798140
-0.00850613 0.04637277 0.04769471
-0.00286555 0.04399212 0.04707224
0.00271931 0.04379944 0.04611340
0.00951309 0.04476348 0.04569685
0.01517353 0.04524624 0.04410269
0.01938433 0.04420795 0.04274457
-0.03143956 0.04894794 0.04299960
-0.02730233 0.04972034 0.04512983
-0.02132042 0.05152842 0.04535367
-0.01636867 0.04946197 0.04767065
0.01141790 0.04897040 0.04789400
0.01562640 0.05049426 0.04610023
0.02068310 0.05206169 0.04436098
0.02434410 0.05352820 0.04205750
-0.02174166 0.05718479 0.04521947
0.02224897 0.05668577 0.04609569
0.02580636 0.05760762 0.04333249
-0.02453650 0.06500626 0.04256685
-0.02232321 0.06282177 0.04520515
0.02219435 0.06335384 0.04681033
0.02669218 0.06332742 0.04394085
-0.04329956 0.07137083 0.04217068
-0.03849890 0.07192920 0.04207160
-0.02514694 0.06907763 0.04400380
-0.02326099 0.06805618 0.04671284
0.02299393 0.06861135 0.04672674
0.02655644 0.06941065 0.04388842
-0.06081693 0.07710706 0.04224443
-0.05713713 0.07660877 0.04284929
-0.05099563 0.07621924 0.04300810
-0.04481180 0.07567286 0.04254509
-0.03918260 0.07554395 0.04248615
-0.02686817 0.07507728 0.04501397
0.02691679 0.07460735 0.04529087
0.03091526 0.07587317 0.04296893
-0.06718178 0.08229630 0.04269221
-0.06299307 0.08117493 0.04326119
-0.05698727 0.08123637 0.04421662
-0.05099734 0.08123175 0.04431817
-0.04499991 0.08112688 0.04296509
-0.03899546 0.08114726 0.04312890
-0.03409901 0.08163508 0.04255188
-0.02871316 0.08115565 0.04551053
0.02751153 0.08096600 0.04579613
0.03138467 0.08049246 0.04295938
-0.06812408 0.08687857 0.04326750
-0.06299328 0.08688370 0.04477179
-0.05699279 0.08687595 0.04469776
-0.05099738 0.08692522 0.04535392
-0.04499350 0.08680143 0.04378887
-0.03899563 0.08676741 0.04330979
-0.03301750 0.08685488 0.04312415
-0.02848049 0.08707915 0.04598750
0.02720767 0.08690420 0.04560767
0.03182357 0.08693353 0.04261601
-0.06816404 0.09280604 0.04263411
-0.06299251 0.09318774 0.04432299
-0.05699812 0.09322443 0.04479880
-0.05116211 0.09287452 0.04427366
-0.04489464 0.09301191 0.04313479
-0.03898954 0.09309936 0.04305575
-0.03314345 0.09276511 0.04432632
-0.02691005 0.09300175 0.04537415
-0.02268589 0.09546065 0.04634988
0.01746320 0.09482930 0.04785700
0.02131554 0.09332028 0.04747143
0.02703105 0.09280122 0.04488507
0.03124994 0.09177563 0.04247696
-0.06650610 0.09727560 0.04200580
-0.06268729 0.09918558 0.04246330
-0.05699653 0.09945941 0.04293545
-0.05071328 0.09865104 0.04329144
-0.04503809 0.09898771 0.04258732
-0.03799596 0.09800644 0.04245964
-0.03268594 0.09878397 0.04353482
-0.02696083 0.09894466 0.04390719
-0.02101759 0.09932560 0.04467013
-0.01532140 0.10002640 0.04491155
-0.00889530 0.10086089 0.04556002
-0.00267158 0.10087974 0.04569381
0.00279972 0.10084680 0.04587895
0.00903247 0.10107515 0.04721594
0.01543837 0.09962956 0.04729024
0.02103751 0.09874811 0.04600602
0.02600261 0.09824773 0.04332368
-0.05749490 0.10293666 0.04210120
-0.02649391 0.10331774 0.04264428
-0.02079608 0.10467616 0.04287446
-0.01478406 0.10482170 0.04309960
-0.00883462 0.10496085 0.04366432
-0.00287271 0.10493336 0.04394215
0.00268728 0.10485824 0.04317147
0.00917874 0.10432417 0.04441745
0.01493598 0.10485388 0.04424009
0.02046656 0.10347436 0.04360260
0.02434570 0.10212300 0.04240290
-0.08619826 0.11274699 0.04385136
-0.08091360 0.11176366 0.04484864
-0.07520738 0.11098172 0.04527834
-0.06918111 0.11178034 0.04438503
-0.01365313 0.10907316 0.04243610
-0.00883853 0.10994577 0.04280384
-0.00279881 0.11030730 0.04278751
0.00205916 0.11021922 0.04239186
-0.09098727 0.11750492 0.04332254
-0.08790921 0.11623152 0.04583155
-0.08215760 0.11476483 0.04749416
-0.06656890 0.11423600 0.04677995
-0.06385311 0.11742534 0.04501206
-0.09129390 0.12275542 0.04376951
-0.08861963 0.12298720 0.04666423
-0.06268232 0.12342104 0.04494592
-0.09046180 0.12763074 0.04267235
-0.08819491 0.12929292 0.04531663
-0.06677590 0.13041399 0.04663298
-0.06422640 0.12856148 0.04449102
-0.08665906 0.13503380 0.04480428
-0.08366020 0.13599449 0.04768540
-0.06767816 0.13492376 0.04564353
-0.06554092 0.13425501 0.04248374
-0.08505726 0.13990179 0.04330765
-0.08122642 0.14105803 0.04539149
-0.07470274 0.14170401 0.04676767
-0.06888825 0.14087376 0.04494378
-0.07925688 0.14500856 0.04298950
-0.07484579 0.14551842 0.04367527
-0.07006173 0.14552745 0.04299956
-0.03187151 0.03537050 0.04945614
-0.02681886 0.03516309 0.05082995
-0.02103201 0.03508511 0.05072201
-0.01543436 0.03525446 0.04999598
-0.00925467 0.03544071 0.04865396
-0.03245862 0.03850227 0.05046720
-0.02824605 0.03866217 0.05342501
-0.02005382 0.03897903 0.05324883
-0.01475874 0.03919742 0.05134291
-0.00870636 0.03888606 0.04937340
-0.00473789 0.03809112 0.04827165
-0.03171336 0.04366132 0.04941799
-0.02700143 0.04463696 0.05138583
-0.02093376 0.04514262 0.05239114
-0.01490770 0.04493661 0.05034445
-0.00917606 0.04373922 0.04900254
-0.00360395 0.04619851 0.04886820
0.00340402 0.04684451 0.04929653
0.00767920 0.04708178 0.04894810
-0.02548243 0.04866573 0.04894847
-0.02063239 0.04926419 0.04877680
-0.01429816 0.05151731 0.04965107
-0.00899470 0.05105131 0.05115006
-0.00344053 0.05060624 0.05215506
0.00311210 0.05109368 0.05252238
0.00905268 0.05107383 0.05091610
0.01328189 0.05241191 0.04906329
-0.01893993 0.05747944 0.04908277
-0.01501055 0.05701311 0.05139505
-0.00957265 0.05616519 0.05304882
-0.00470016 0.05646996 0.05386974
0.00392578 0.05593005 0.05353323
0.00924460 0.05684587 0.05271477
0.01480797 0.05685882 0.04979285
0.01936486 0.05778574 0.04844507
-0.01946972 0.06339344 0.04987570
-0.01566717 0.06296781 0.05297384
0.01067442 0.06241439 0.05306600
0.01500320 0.06324935 0.05099663
0.01927497 0.06301353 0.04865820
-0.02081118 0.06905818 0.05107511
-0.01661405 0.06759090 0.05369683
0.01174940 0.06718580 0.05386190
0.01515019 0.06919708 0.05239501
0.02013902 0.06955016 0.04952276
-0.02490619 0.07586767 0.04954761
-0.02232728 0.07411429 0.05182677
0.01573678 0.07427982 0.05297301
0.02108875 0.07489159 0.05032864
0.02482800 0.07685880 0.04824430
-0.02601659 0.08109816 0.05102911
-0.02381610 0.07825600 0.05342680
0.01171580 0.08265745 0.05391635
0.01546582 0.08139502 0.05296345
0.02073461 0.08096902 0.05080023
0.02454420 0.08061498 0.04865237
-0.02579263 0.08697146 0.05073124
-0.02296050 0.08875681 0.05338260
0.01513349 0.08676504 0.05189899
0.02097179 0.08706388 0.04914379
-0.02494155 0.09096789 0.04923514
-0.02118752 0.09324729 0.05123698
-0.01583214 0.09501424 0.05306039
0.00473838 0.09480680 0.05337453
0.00931530 0.09315769 0.05261782
0.01507028 0.09248593 0.05049235
0.02049084 0.09064038 0.04818092
-0.01462477 0.09721516 0.05048901
-0.00863086 0.09822081 0.05113966
-0.00283618 0.09825400 0.05160116
0.00268410 0.09809709 0.05082003
0.00899111 0.09768806 0.04928428
0.01347344 0.09706682 0.04858597
-0.07462981 0.11326911 0.04939147
-0.07071094 0.11300043 0.04895511
-0.08535825 0.11815100 0.04854492
-0.08023496 0.11701717 0.04928708
-0.07507754 0.11680264 0.05187209
-0.06889538 0.11659396 0.05125281
-0.06532214 0.11802940 0.04915158
-0.08551496 0.12327559 0.04886676
-0.08100848 0.12296772 0.05074321
-0.07508845 0.12246612 0.05301640
-0.06867380 0.12287000 0.05226903
-0.06518709 0.12250371 0.04942749
-0.08544020 0.12897672 0.04925541
-0.08108798 0.12921165 0.05219445
-0.07487279 0.12887949 0.05259601
-0.06937832 0.12869392 0.05031667
-0.08486024 0.13303865 0.04849160
-0.08098380 0.13482921 0.05013079
-0.07477934 0.13509288 0.05061543
-0.07081132 0.13442808 0.04906239
-0.07990953 0.13848025 0.04841542
-0.07517612 0.13902490 0.04853305
-0.02519340 0.03871698 0.05413756
-0.02304012 0.03870584 0.05411197
-0.00166296 0.05300145 0.05439897
0.00049715 0.05345770 0.05411630
-0.00812424 0.05853000 0.05462848
-0.00255205 0.05705211 0.05440842
0.00208724 0.05790372 0.05464223
-0.01276749 0.06331167 0.05440236
-0.00899923 0.06262229 0.05565937
-0.00299522 0.06267416 0.05612537
0.00300815 0.06268030 0.05633872
0.00804215 0.06306139 0.05499936
-0.01850510 0.07114380 0.05402170
-0.01488283 0.06990246 0.05464080
-0.00908858 0.06882843 0.05591090
-0.00299615 0.06896987 0.05695055
0.00301123 0.06890766 0.05609788
0.00906079 0.06905477 0.05504375
-0.01945502 0.07550456 0.05473668
-0.01499529 0.07516235 0.05608486
-0.00900439 0.07526422 0.05744417
-0.00299616 0.07534767 0.05854076
0.00301467 0.07520849 0.05675786
0.00914204 0.07508169 0.05564578
0.01313844 0.07552615 0.05439741
-0.02455870 0.08180470 0.05405665
-0.02125752 0.08112007 0.05593834
-0.01499601 0.08079316 0.05717136
-0.00899898 0.08083828 0.05779177
-0.00299893 0.08083392 0.05764975
0.00301711 0.08075809 0.05679300
0.00868394 0.08111130 0.05531857
0.01323895 0.07871883 0.05432003
-0.02056158 0.08678695 0.05573877
-0.01499734 0.08701778 0.05687427
-0.00899727 0.08703563 0.05712052
-0.00299723 0.08703208 0.05699925
0.00300733 0.08701365 0.05670849
0.00918330 0.08709375 0.05523738
-0.01913994 0.09102772 0.05463298
-0.01484474 0.09241769 0.05548077
-0.00899641 0.09321836 0.05573926
-0.00299671 0.09321109 0.05560952
0.00265286 0.09282553 0.05491303
0.00749670 0.09102404 0.05428537
