-0.06522083 0.16031510 -0.05695073
-0.06528715 0.16444393 -0.05872965
-0.06193871 0.16550255 -0.05856560
-0.06592371 0.17116515 -0.05899179
-0.06142095 0.17140175 -0.05974321
-0.07061046 0.17940180 -0.05668394
-0.06649894 0.17866944 -0.05868287
-0.06220051 0.17650671 -0.05967125
-0.06841452 0.15380150 -0.04970520
-0.06689697 0.15791112 -0.05230402
-0.07030645 0.16661200 -0.04951200
-0.06842959 0.16430362 -0.05318999
-0.06227522 0.16469258 -0.05256253
-0.07750800 0.17499800 -0.04902260
-0.07171941 0.17169148 -0.05080211
-0.06663477 0.17169839 -0.05245506
-0.06214167 0.17103910 -0.05333309
-0.07776320 0.17709659 -0.04992698
-0.07317583 0.17887250 -0.05253530
-0.06677077 0.17820854 -0.05292570
-0.06287420 0.17567100 -0.05559460
-0.07123719 0.15223989 -0.04457293
-0.06764260 0.15229692 -0.04549894
-0.07073908 0.15784511 -0.04568987
-0.06479374 0.15733901 -0.04601498
-0.06280430 0.15993534 -0.04359956
-0.07156939 0.16462231 -0.04543016
-0.06491202 0.16646799 -0.04493077
-0.06248116 0.16438398 -0.04577872
-0.07838126 0.17323789 -0.04463314
-0.07330795 0.17068890 -0.04582624
-0.06574983 0.17199181 -0.04531872
-0.06281450 0.16939899 -0.04858830
-0.07794072 0.17615651 -0.04645064
-0.07338704 0.17696998 -0.04570191
-0.06861690 0.17588176 -0.04731751
-0.01705044 0.06108412 -0.03577565
-0.01128546 0.06138240 -0.03577961
-0.00554110 0.06230783 -0.03526829
-0.02308862 0.06793345 -0.03620075
-0.01787530 0.06665611 -0.03748382
-0.01063327 0.06690832 -0.03650681
-0.00531692 0.06735337 -0.03553020
-0.02875310 0.07674930 -0.03502920
-0.02476936 0.07397305 -0.03715514
-0.01764480 0.07303236 -0.03875023
-0.01085576 0.07328801 -0.03790561
-0.00356466 0.07384739 -0.03613491
0.00146761 0.07516442 -0.03538689
-0.02854976 0.08048596 -0.03551434
-0.02480197 0.08058508 -0.03765642
-0.01779429 0.07991090 -0.03898390
-0.01078739 0.07988201 -0.03824376
-0.00397691 0.08018582 -0.03712467
0.00084571 0.08087962 -0.03560993
-0.02811780 0.08459110 -0.03561250
-0.02407672 0.08707110 -0.03673165
-0.01784148 0.08731923 -0.03803674
-0.01068692 0.08736932 -0.03762648
-0.00393582 0.08703227 -0.03650897
0.00053111 0.08580860 -0.03528523
-0.02191060 0.09159120 -0.03531535
-0.01691984 0.09181681 -0.03599759
-0.01138290 0.09239572 -0.03568303
-0.00507255 0.09149519 -0.03542672
-0.07219636 0.15053749 -0.03851603
-0.06651919 0.15125033 -0.03826281
-0.07208745 0.15689240 -0.03882714
-0.06382392 0.15541758 -0.03980506
-0.06242642 0.15846756 -0.03812951
-0.07831474 0.16663140 -0.03676848
-0.07358915 0.16363765 -0.03918805
-0.06365035 0.16691774 -0.03839761
-0.06228089 0.16326791 -0.03872980
-0.07861812 0.17043500 -0.03902123
-0.07318373 0.17328709 -0.03836606
-0.06698846 0.17074448 -0.03872886
-0.07343800 0.17530400 -0.04183540
-0.03729595 0.03382628 -0.02939202
-0.03169912 0.03392301 -0.02954858
-0.02513585 0.03474207 -0.02878752
-0.03745610 0.03831790 -0.02924234
-0.03165485 0.03857001 -0.03016304
-0.02452909 0.03832508 -0.02902068
-0.01987454 0.03893036 -0.02826785
-0.03555800 0.04300760 -0.02847280
-0.03087019 0.04343007 -0.02896060
-0.02448450 0.04385253 -0.02858347
-0.01808257 0.04609855 -0.02895961
-0.01053630 0.04673056 -0.02950867
-0.00398994 0.04703400 -0.02954692
0.00246421 0.04752545 -0.02892118
-0.02298268 0.05284736 -0.02914914
-0.01767828 0.05252737 -0.03172150
-0.01066437 0.05264229 -0.03263534
-0.00365510 0.05259056 -0.03163752
0.00334235 0.05248871 -0.03017946
0.00986911 0.05281531 -0.02930223
0.01601183 0.05497408 -0.02839892
-0.02826950 0.06200420 -0.02844580
-0.02441545 0.05951903 -0.03125166
-0.01870708 0.05807644 -0.03406065
-0.00999929 0.05816878 -0.03421296
-0.00330952 0.05934078 -0.03372688
0.00331931 0.05971916 -0.03217004
0.01032600 0.05956401 -0.03006332
0.01565731 0.05939761 -0.02868518
-0.02913132 0.06713039 -0.02938777
-0.02596481 0.06576111 -0.03260661
-0.00221787 0.06664176 -0.03454757
0.00327961 0.06688663 -0.03344010
0.01028536 0.06673612 -0.03133747
0.01704565 0.06681555 -0.02933380
-0.03046738 0.07372015 -0.03138869
-0.02753163 0.07126141 -0.03435990
0.00429098 0.07338037 -0.03449205
0.01025224 0.07387646 -0.03236346
0.01670405 0.07342386 -0.02942346
-0.03132613 0.08059966 -0.03155895
0.00430310 0.08117028 -0.03429333
0.01022633 0.08090818 -0.03211466
0.01623308 0.08071328 -0.02927385
-0.02981534 0.08708089 -0.03108678
-0.02679292 0.08957654 -0.03366653
-0.00067995 0.09022211 -0.03473925
0.00335728 0.08820459 -0.03372705
0.01038551 0.08797064 -0.03137005
0.01575558 0.08700977 -0.02908354
-0.02813990 0.09179820 -0.02860030
-0.02419893 0.09316975 -0.03141427
-0.01754548 0.09506971 -0.03182305
-0.01036414 0.09571029 -0.03217639
-0.00326968 0.09517130 -0.03216038
0.00352540 0.09439798 -0.03108081
0.00992769 0.09299693 -0.02952562
-0.00894441 0.09820313 -0.02804263
-0.00523076 0.09823627 -0.02806467
-0.07325694 0.14995290 -0.03163692
-0.06607819 0.14953905 -0.03163962
-0.06259282 0.15305801 -0.03046758
-0.07329670 0.15684678 -0.03191585
-0.06177824 0.15763237 -0.03159174
-0.07844272 0.16524497 -0.03122985
-0.07512587 0.16173258 -0.03262079
-0.06451553 0.16630195 -0.03109522
-0.06226284 0.16264051 -0.03190412
-0.07799888 0.16866517 -0.03274670
-0.07329284 0.17082968 -0.03150398
-0.06788283 0.16973692 -0.03197731
-0.01011481 0.17426275 -0.02852000
-0.01110643 0.17832512 -0.02906209
-0.01201682 0.18252833 -0.02857415
-0.04344049 0.03392896 -0.02399505
-0.03863807 0.03361518 -0.02446517
-0.03136740 0.03359511 -0.02466933
-0.02477375 0.03363514 -0.02377713
-0.01785485 0.03388065 -0.02412836
-0.01041641 0.03405296 -0.02358308
-0.00348432 0.03430637 -0.02309565
0.00185114 0.03445378 -0.02239626
0.00739557 0.03474350 -0.02160370
-0.04398235 0.03746124 -0.02379683
-0.04025753 0.04018863 -0.02646651
-0.01668419 0.03793351 -0.02725667
-0.01040866 0.03827429 -0.02594408
-0.00344197 0.03893408 -0.02522973
0.00340677 0.03903725 -0.02424931
0.01049171 0.03872309 -0.02298736
0.01550754 0.04026560 -0.02208445
-0.04272236 0.04262757 -0.02164727
-0.03785837 0.04495377 -0.02407128
-0.03171552 0.04686988 -0.02525973
-0.02504836 0.04715645 -0.02680766
-0.01714670 0.04401110 -0.02762420
-0.01074218 0.04290653 -0.02635558
-0.00353119 0.04369010 -0.02612151
0.00388871 0.04473828 -0.02575686
0.01038494 0.04564181 -0.02550604
0.01721920 0.04549998 -0.02319045
0.02237617 0.04895693 -0.02180900
-0.02896000 0.05241302 -0.02252951
-0.02628093 0.05182682 -0.02610130
0.01270162 0.05039620 -0.02760955
0.01764175 0.05162868 -0.02611063
0.02341720 0.05278595 -0.02353385
-0.02913915 0.05974352 -0.02387516
-0.02736283 0.05729656 -0.02655486
0.01909381 0.05946482 -0.02739008
0.02432144 0.05958444 -0.02433885
-0.03093882 0.06649323 -0.02444793
0.01998003 0.06410343 -0.02760350
0.02436578 0.06646083 -0.02459282
0.02840920 0.06857705 -0.02176095
-0.03329979 0.07373145 -0.02448547
0.01990910 0.07470765 -0.02757955
0.02426225 0.07338251 -0.02549278
0.02889128 0.07356716 -0.02230102
-0.05710760 0.08214066 -0.02111250
-0.05300337 0.08199583 -0.02138071
-0.04777683 0.08266430 -0.02113897
-0.03694544 0.08175571 -0.02190666
-0.03393687 0.08061671 -0.02527612
0.01973588 0.08058236 -0.02739279
0.02456699 0.08052181 -0.02481737
0.02889365 0.07948986 -0.02174100
-0.05730764 0.08690774 -0.02135649
-0.05279667 0.08695358 -0.02173308
-0.04579912 0.08698738 -0.02178549
-0.03860424 0.08701156 -0.02268738
-0.03239506 0.08806119 -0.02572130
0.01880098 0.08813886 -0.02667448
0.02440424 0.08751389 -0.02380197
0.02831978 0.08713206 -0.02149172
-0.05735288 0.09339570 -0.02134538
-0.05283505 0.09416897 -0.02190601
-0.04583162 0.09420500 -0.02204350
-0.03883515 0.09430759 -0.02302993
-0.03142900 0.09435874 -0.02421778
-0.02488431 0.09556818 -0.02583701
-0.01792001 0.09729816 -0.02634163
-0.01332290 0.09788730 -0.02773260
0.00412331 0.09744141 -0.02682347
0.01108767 0.09603065 -0.02562088
0.01768690 0.09446345 -0.02416240
0.02354961 0.09406841 -0.02209069
-0.05198422 0.09993169 -0.02164574
-0.04585316 0.10066199 -0.02153127
-0.03877332 0.10034432 -0.02172568
-0.03177384 0.10141631 -0.02255162
-0.02477890 0.10124637 -0.02374921
-0.01750847 0.10158322 -0.02372660
-0.01047983 0.10123778 -0.02454545
-0.00331369 0.10112608 -0.02418269
0.00327608 0.10097960 -0.02295666
0.01059716 0.10088887 -0.02210996
0.01722789 0.10067461 -0.02215365
0.02171217 0.09909913 -0.02156183
-0.02996635 0.10614850 -0.02154628
-0.02441787 0.10682962 -0.02205769
-0.01840459 0.10708883 -0.02200822
-0.01036776 0.10788780 -0.02210293
-0.00397260 0.10817032 -0.02203410
0.00206796 0.10557415 -0.02144604
-0.07104355 0.14652950 -0.02436540
-0.06774765 0.14620465 -0.02363947
-0.07404690 0.14984101 -0.02493846
-0.06476106 0.14848755 -0.02553823
-0.06234611 0.15215084 -0.02431559
-0.07772828 0.15923317 -0.02308647
-0.07452662 0.15639214 -0.02529799
-0.06172298 0.15765409 -0.02458506
-0.07789573 0.16343042 -0.02519684
-0.07481563 0.16691524 -0.02350429
-0.06585695 0.16521139 -0.02415540
-0.06257579 0.16182584 -0.02592215
-0.01488030 0.16755600 -0.02114960
-0.01104036 0.16696559 -0.02198040
-0.07241789 0.16900064 -0.02581038
-0.06913048 0.16873498 -0.02644153
-0.02152693 0.17368032 -0.02140667
-0.01682644 0.17175266 -0.02298352
-0.01029481 0.17148475 -0.02467985
-0.02161743 0.17754786 -0.02172670
-0.01702595 0.17887416 -0.02470440
-0.01136914 0.17841819 -0.02485321
-0.02111240 0.18296500 -0.02101320
-0.01657942 0.18487805 -0.02363822
-0.01294367 0.18340242 -0.02573778
-0.04496344 0.03377841 -0.01737337
-0.03893779 0.03393363 -0.01776161
-0.03189335 0.03435152 -0.02038315
-0.02440741 0.03443073 -0.02046104
-0.01705282 0.03418091 -0.01999968
-0.01055915 0.03420537 -0.01926329
-0.00358339 0.03420339 -0.01883090
0.00359148 0.03423666 -0.01805647
0.01028558 0.03433711 -0.01727713
0.01524897 0.03471117 -0.01624670
-0.04614767 0.03819046 -0.01732614
-0.03615882 0.03615525 -0.01539722
-0.03117385 0.03714966 -0.01738141
-0.02447695 0.03759202 -0.01740341
-0.01759585 0.03732238 -0.01703251
-0.01052378 0.03716210 -0.01636312
-0.00347721 0.03699365 -0.01542492
0.00281789 0.03628682 -0.01470699
0.01796454 0.03827827 -0.01766825
0.02118925 0.04156065 -0.01519995
-0.04339290 0.04366442 -0.01691784
-0.03860318 0.04716574 -0.01725893
-0.03395170 0.04837900 -0.01933453
0.02038795 0.04404885 -0.02049395
0.02360114 0.04597707 -0.01759404
-0.03075732 0.05241336 -0.01736650
0.02693040 0.05212301 -0.01997427
0.02949778 0.05274530 -0.01653452
-0.03137134 0.05950737 -0.01741661
0.02720777 0.05692157 -0.02043390
0.03107532 0.05985636 -0.01752247
-0.05819228 0.06938445 -0.01442537
-0.05270005 0.06934999 -0.01423286
-0.04531828 0.06760982 -0.01530257
-0.03870187 0.06736071 -0.01539772
-0.03318564 0.06631418 -0.01808009
0.02783630 0.06465310 -0.02092010
0.03192988 0.06663579 -0.01817147
0.03569890 0.06780107 -0.01480790
-0.07066700 0.07639370 -0.01404200
-0.06598169 0.07502546 -0.01591745
-0.05964104 0.07386729 -0.01709560
-0.05273218 0.07384618 -0.01714404
-0.04572446 0.07388321 -0.01747167
-0.03863244 0.07398777 -0.01814498
-0.03445177 0.07266838 -0.01997891
0.03252207 0.07395154 -0.01835964
0.03536088 0.07411436 -0.01479176
-0.07221033 0.08145146 -0.01534540
-0.06676839 0.08089193 -0.01770324
-0.06020649 0.08077110 -0.01954438
-0.05255842 0.07915077 -0.02003938
-0.04552144 0.08019836 -0.01992868
-0.03941006 0.07990186 -0.01993481
0.03195122 0.08058911 -0.01939719
0.03636346 0.08090886 -0.01581960
-0.07297225 0.08772036 -0.01558899
-0.06695952 0.08788741 -0.01791639
-0.06080507 0.08749658 -0.01975626
0.03191532 0.08733784 -0.01922661
0.03657597 0.08706590 -0.01600733
-0.07257633 0.09457263 -0.01508091
-0.06667319 0.09429149 -0.01731542
-0.06057527 0.09418549 -0.01936772
0.02648001 0.09564839 -0.02024629
0.03117949 0.09431543 -0.01735612
0.03552535 0.09235628 -0.01473753
-0.07109855 0.09940868 -0.01461988
-0.06677606 0.10088006 -0.01603928
-0.05987922 0.10115851 -0.01870486
-0.05371918 0.10264958 -0.02013322
-0.04587045 0.10422456 -0.02076390
-0.03904692 0.10371373 -0.02063388
-0.03487200 0.10427400 -0.02093070
0.01041225 0.10381607 -0.02046933
0.01855433 0.10384454 -0.01969704
0.02476669 0.10158639 -0.01853430
0.03015464 0.10124458 -0.01537937
-0.06518235 0.10658944 -0.01485211
-0.05989943 0.10828681 -0.01686668
-0.05287426 0.10841493 -0.01852302
-0.04561619 0.10847069 -0.01896574
-0.03865721 0.10868554 -0.01943013
-0.03204932 0.10890676 -0.01923069
-0.02500552 0.11030404 -0.01949809
-0.01729213 0.11007830 -0.02011302
-0.01136121 0.11067230 -0.02022803
-0.00295542 0.11134657 -0.02041329
0.00323146 0.10907157 -0.02034806
0.01057037 0.10852233 -0.01944765
0.01738631 0.10816433 -0.01728204
0.02394051 0.10736536 -0.01536544
0.02852390 0.10592400 -0.01419780
-0.05868652 0.11363973 -0.01499670
-0.05246112 0.11480795 -0.01578628
-0.04547604 0.11508882 -0.01581063
-0.03868771 0.11505432 -0.01580018
-0.03138665 0.11444187 -0.01612388
-0.02442813 0.11429661 -0.01619898
-0.01725675 0.11495724 -0.01687185
-0.01044508 0.11522435 -0.01687807
-0.00382176 0.11549188 -0.01715398
0.00334838 0.11601783 -0.01787499
0.01029100 0.11532551 -0.01693300
0.01675646 0.11415011 -0.01525484
-0.04507020 0.11916925 -0.01404140
-0.00908552 0.11913274 -0.01424330
-0.00306786 0.11909900 -0.01424388
0.00379332 0.11944167 -0.01466488
0.00958614 0.11937460 -0.01463202
-0.07188588 0.14500822 -0.01676345
-0.06628534 0.14519183 -0.01726786
-0.07503509 0.14995889 -0.01787690
-0.06338611 0.14810136 -0.01897239
-0.06237013 0.15117197 -0.01729745
-0.07763428 0.15820670 -0.01733057
-0.07584263 0.15524039 -0.01835249
-0.06392372 0.15937576 -0.01649296
-0.06224405 0.15697889 -0.01838740
-0.02909915 0.16077399 -0.01409335
-0.07747480 0.16162366 -0.01939480
-0.07364958 0.16466497 -0.01786249
-0.06715539 0.16360529 -0.01772959
-0.03562823 0.16520150 -0.01448923
-0.03112337 0.16448514 -0.01549189
-0.02432765 0.16406499 -0.01620823
-0.01754329 0.16424130 -0.01702060
-0.01162633 0.16507345 -0.01725626
-0.03539867 0.16929075 -0.01439785
-0.03121248 0.17127159 -0.01628477
-0.02417400 0.17120814 -0.01896245
-0.01745949 0.17129289 -0.01681449
-0.01159648 0.17035757 -0.01892616
-0.02949028 0.17711338 -0.01560862
-0.02439138 0.17872889 -0.01781232
-0.01774923 0.17869852 -0.01790229
-0.01352590 0.17569600 -0.02060595
-0.02285025 0.18420596 -0.01688083
-0.01815412 0.18538186 -0.01822540
-0.06409793 0.03386072 -0.00781340
-0.05958407 0.03374289 -0.00918204
-0.05237735 0.03370117 -0.01027328
-0.04537847 0.03362907 -0.01050798
-0.04105467 0.03410760 -0.01095048
0.01139893 0.03450788 -0.01071019
0.01590944 0.03469506 -0.01075863
-0.06433540 0.03689070 -0.00766675
-0.05913183 0.03858527 -0.00904546
-0.05230709 0.03884394 -0.01119565
-0.04774623 0.03890158 -0.01231768
-0.03735911 0.03732129 -0.01057333
-0.03139083 0.03850207 -0.01053848
-0.02432056 0.03856055 -0.01054023
-0.01775812 0.03874058 -0.01038216
-0.01042671 0.03893562 -0.01045970
-0.00335043 0.03908075 -0.01082347
0.00380654 0.03838918 -0.01089972
0.00824371 0.03646597 -0.01065951
0.01926516 0.03711150 -0.01092255
0.02192683 0.04091175 -0.00995796
-0.05843391 0.04262100 -0.00740746
-0.05203181 0.04523402 -0.00864298
-0.04578745 0.04558908 -0.01106284
-0.03940472 0.04814165 -0.01284689
0.02548994 0.04469787 -0.01063806
0.02890344 0.04753332 -0.00983650
-0.05101923 0.05303454 -0.00809800
-0.04545365 0.05210835 -0.01035383
-0.03862621 0.05202098 -0.01104385
-0.03307778 0.05258803 -0.01161918
0.03190676 0.05218723 -0.01071154
0.03564052 0.05512656 -0.00815433
-0.05181213 0.05933080 -0.00928110
-0.04564758 0.05922180 -0.01201327
-0.03865945 0.05922836 -0.01184567
-0.03339681 0.05866049 -0.01225543
0.03428512 0.05854650 -0.01316514
0.03694944 0.06000892 -0.01023049
-0.06508678 0.06814095 -0.00912063
-0.05967906 0.06673295 -0.01010155
-0.05254097 0.06561066 -0.01121018
-0.04649436 0.06424448 -0.01344534
-0.03868040 0.06366535 -0.01369311
-0.03467880 0.06367290 -0.01393540
0.03866273 0.06612722 -0.01062323
-0.07342617 0.07427797 -0.00954779
-0.06753588 0.07179937 -0.01178792
-0.06269990 0.07067980 -0.01386830
0.03885593 0.07311693 -0.01087577
-0.07829724 0.08090991 -0.00888300
-0.07502393 0.07983433 -0.01168684
0.03963508 0.08018737 -0.01068041
-0.07920201 0.08781037 -0.00986415
-0.07613790 0.08803507 -0.01355811
0.04003124 0.08741348 -0.01142891
0.04214176 0.08732118 -0.00779352
-0.07940478 0.09469139 -0.00982556
-0.07566136 0.09559614 -0.01321589
0.03413710 0.09674813 -0.01342443
0.03833940 0.09386444 -0.01034978
-0.07859902 0.10146102 -0.00860214
-0.07442343 0.10196945 -0.01175004
-0.06989320 0.10372800 -0.01367560
0.03333167 0.10255530 -0.01259549
0.03679753 0.10103649 -0.00946337
-0.07761957 0.10638934 -0.00752339
-0.07348936 0.10819336 -0.00967135
-0.06769662 0.10875541 -0.01264132
0.02582012 0.11020032 -0.01277629
0.03146756 0.10826181 -0.01032041
0.03572970 0.10561150 -0.00797972
-0.07236007 0.11526074 -0.00797248
-0.06673098 0.11510164 -0.01022253
-0.06032519 0.11663969 -0.01210802
-0.05333848 0.11827525 -0.01352135
-0.04251530 0.11899300 -0.01387410
-0.03781023 0.11814450 -0.01317248
-0.03143670 0.11787976 -0.01271143
-0.02480906 0.11780559 -0.01308371
-0.01836795 0.11840327 -0.01299919
-0.01292360 0.11887900 -0.01393480
0.01347900 0.11871100 -0.01393260
0.01858589 0.11718689 -0.01245598
0.02437744 0.11512183 -0.01016220
0.02970063 0.11301400 -0.00808505
-0.07380551 0.12240656 -0.00802021
-0.06691349 0.12237632 -0.00886524
-0.05974765 0.12245403 -0.00875952
-0.05277541 0.12213871 -0.01004017
-0.04564749 0.12279499 -0.01082787
-0.03860906 0.12230867 -0.01006058
-0.03179863 0.12076273 -0.00906416
-0.02430724 0.12072803 -0.00943612
-0.01740546 0.12094142 -0.00977759
-0.01024764 0.12250014 -0.01025944
-0.00318739 0.12281080 -0.01060583
0.00362947 0.12312923 -0.01062104
0.01026927 0.12269197 -0.01060325
0.01684424 0.12100037 -0.00940649
0.02196977 0.11962733 -0.00758580
-0.07789130 0.12665600 -0.00702073
-0.07375797 0.12951322 -0.00812019
-0.06684826 0.12976739 -0.00872139
-0.06104385 0.12919882 -0.00778810
-0.04515577 0.12605201 -0.00724625
-0.00539970 0.12606634 -0.00769829
-0.07227811 0.13623533 -0.00755828
-0.06654749 0.13689283 -0.00790084
-0.06177120 0.13513975 -0.00717847
-0.07279778 0.14380464 -0.01035790
-0.06570696 0.14284813 -0.01008139
-0.06277896 0.14564738 -0.00953965
-0.07594279 0.14999443 -0.01087849
-0.06317478 0.15275019 -0.00886702
-0.06251095 0.15010601 -0.01095527
-0.04254165 0.15327150 -0.00747223
-0.03892712 0.15315041 -0.00765014
-0.03444270 0.15352000 -0.00733684
-0.07721178 0.15632945 -0.01227622
-0.07555477 0.15799016 -0.00967934
-0.06577371 0.15772915 -0.01022096
-0.06276710 0.15528999 -0.01359200
-0.04452285 0.15775742 -0.00869486
-0.03795844 0.15743798 -0.01079453
-0.03146702 0.15738855 -0.01098564
-0.02480612 0.15832955 -0.01076126
-0.01794037 0.15978737 -0.01044519
-0.07227698 0.16225868 -0.01190751
-0.06849545 0.16172445 -0.01212035
-0.04420904 0.16445588 -0.00912432
-0.03895006 0.16435175 -0.01253716
-0.02882505 0.16680351 -0.00762158
-0.02403793 0.16543403 -0.00921640
-0.01702784 0.16395299 -0.01055181
-0.01313072 0.16369835 -0.01282865
-0.04285714 0.16932134 -0.00856014
-0.03835496 0.17130482 -0.01130475
-0.02974861 0.17117022 -0.00869981
-0.02477077 0.17120264 -0.01140728
-0.01954664 0.16860080 -0.01336546
-0.03658432 0.17567499 -0.00897661
-0.03147278 0.17840517 -0.01047617
-0.02495709 0.17920965 -0.01062694
-0.02349071 0.18369150 -0.01194447
-0.02059900 0.18453200 -0.01395170
-0.07082684 0.03444016 -0.00110696
-0.06658176 0.03367599 -0.00358887
-0.05947173 0.03340959 -0.00346646
-0.05253116 0.03347663 -0.00330215
-0.04562367 0.03364404 -0.00348295
-0.04132134 0.03401462 -0.00277007
0.00581675 0.03460540 -0.00094662
0.01098024 0.03434208 -0.00334499
0.01704792 0.03463292 -0.00337501
0.02142640 0.03486250 -0.00133145
-0.07067926 0.03760830 -0.00058362
-0.06706777 0.03941192 -0.00447326
-0.06216167 0.04165776 -0.00667247
-0.03609128 0.03830959 -0.00549046
-0.03164682 0.03835811 -0.00321811
-0.02450255 0.03835748 -0.00350371
-0.01724542 0.03853923 -0.00367064
-0.01083437 0.03873108 -0.00330381
-0.00357722 0.03897031 -0.00366138
0.00307598 0.03819143 -0.00365757
0.00757198 0.03579640 -0.00557760
0.02013223 0.03634682 -0.00539045
0.02423561 0.03901898 -0.00405101
0.03152723 0.03978418 -0.00228122
0.03699386 0.04057109 -0.00148542
-0.06509196 0.04354858 -0.00188749
-0.05959860 0.04530814 -0.00370226
-0.05453292 0.04719908 -0.00613976
0.02689785 0.04356960 -0.00623862
0.03174765 0.04514870 -0.00579261
0.03853563 0.04507517 -0.00432751
0.04549448 0.04695357 -0.00280459
0.04998780 0.04887115 -0.00117285
-0.05665895 0.05153102 -0.00130349
-0.05436024 0.05228609 -0.00492460
0.03370212 0.05006197 -0.00667357
0.03855361 0.05182798 -0.00655804
0.04525068 0.05221088 -0.00570830
0.05137714 0.05298706 -0.00258277
-0.06504802 0.06232757 -0.00186640
-0.05850828 0.06044656 -0.00270669
-0.05524075 0.05822670 -0.00500240
0.03975007 0.05895522 -0.00524620
0.04543275 0.05928289 -0.00452808
0.05242435 0.05946606 -0.00283237
-0.07200805 0.06832054 -0.00245745
-0.06748554 0.06581623 -0.00431161
-0.06165646 0.06439734 -0.00653134
0.04110664 0.06583005 -0.00547903
0.04449153 0.06608675 -0.00165931
0.05161555 0.06486107 -0.00109662
-0.07900529 0.07438798 -0.00286295
-0.07483047 0.07146787 -0.00471306
0.04180970 0.07324892 -0.00677357
0.04322353 0.07337524 -0.00329469
-0.08436690 0.08310645 -0.00100000
-0.08141722 0.07996690 -0.00368705
0.04176573 0.07886770 -0.00677692
0.04348792 0.08054314 -0.00350589
-0.08507336 0.08745404 -0.00209002
-0.08269836 0.08662853 -0.00550336
0.04362388 0.08743766 -0.00380224
-0.08508864 0.09394275 -0.00240021
-0.08293084 0.09508169 -0.00564065
0.04100937 0.09545828 -0.00552302
0.04283981 0.09361877 -0.00275779
-0.08457003 0.10026455 -0.00150708
-0.08218823 0.10248746 -0.00439844
0.03957918 0.10171297 -0.00378834
0.04224520 0.09863570 -0.00081787
-0.08021807 0.10854576 -0.00328631
-0.07619963 0.11077899 -0.00631398
0.03408069 0.11072966 -0.00474131
0.03644165 0.10766339 -0.00325190
-0.08500870 0.11716050 -0.00085888
-0.08050473 0.11528419 -0.00315471
-0.07571825 0.11475299 -0.00594065
0.02681001 0.11752699 -0.00535019
0.03115423 0.11517933 -0.00304786
-0.08617396 0.12239075 -0.00196894
-0.08088488 0.12216762 -0.00500805
-0.07687650 0.11933400 -0.00688293
-0.05642270 0.12577900 -0.00685719
-0.05285520 0.12552200 -0.00659128
-0.04896590 0.12587000 -0.00699728
-0.03715212 0.12542072 -0.00509128
-0.03167907 0.12372826 -0.00373322
-0.02437882 0.12363897 -0.00359957
-0.01779573 0.12449432 -0.00422034
-0.01265440 0.12520380 -0.00582825
0.01247061 0.12520725 -0.00593976
0.01807994 0.12395312 -0.00406610
0.02392127 0.12116495 -0.00293222
-0.08547927 0.12914921 -0.00181102
-0.08085411 0.12946340 -0.00489777
-0.07695641 0.13178350 -0.00664715
-0.05755423 0.13051337 -0.00641283
-0.05227423 0.12940989 -0.00426124
-0.04555207 0.12772903 -0.00317017
-0.03924164 0.12689409 -0.00252836
-0.03465060 0.12619700 -0.00023282
-0.01513732 0.12658900 -0.00122520
-0.01001323 0.12731388 -0.00309688
-0.00350368 0.12791142 -0.00387847
0.00349973 0.12802136 -0.00376961
0.01039798 0.12757409 -0.00310677
0.01596909 0.12659875 -0.00119571
-0.08467010 0.13348700 -0.00068920
-0.08069877 0.13658954 -0.00316850
-0.07530588 0.13740128 -0.00641444
-0.05900828 0.13715923 -0.00581536
-0.05350658 0.13627821 -0.00226116
-0.07962388 0.14281134 -0.00283094
-0.07555105 0.14340806 -0.00613457
-0.06322280 0.14117600 -0.00698730
-0.05957287 0.14343035 -0.00391526
-0.05297535 0.14393145 -0.00119288
-0.04672501 0.14637458 -0.00117232
-0.07791076 0.15023603 -0.00341089
-0.07675111 0.14890900 -0.00671058
-0.06410864 0.15263474 -0.00330703
-0.05998209 0.14958435 -0.00249877
-0.05218131 0.15024391 -0.00304831
-0.04533745 0.15010577 -0.00441754
-0.03856467 0.15060893 -0.00375272
-0.03276025 0.15306604 -0.00357753
-0.07422686 0.15656595 -0.00389648
-0.06746995 0.15611622 -0.00370371
-0.05671115 0.15478475 -0.00081623
-0.05224470 0.15746856 -0.00368651
-0.04793130 0.15712884 -0.00681752
-0.03517530 0.16092201 -0.00011395
-0.03001558 0.15510884 -0.00288142
-0.02517668 0.15742977 -0.00338859
-0.02014040 0.15918933 -0.00557420
-0.05101711 0.16323517 -0.00290434
-0.04777832 0.16543759 -0.00515319
-0.03630299 0.16435920 -0.00124651
-0.03170399 0.16408940 -0.00397110
-0.02443080 0.16213317 -0.00461233
-0.01926660 0.16139460 -0.00588984
-0.04476375 0.16989492 -0.00351946
-0.03854656 0.17271189 -0.00284418
-0.03232878 0.17144932 -0.00387644
-0.03625856 0.17565580 -0.00507050
-0.03113771 0.17712457 -0.00511006
-0.02768635 0.17794500 -0.00685189
-0.07122909 0.03423899 0.00319714
-0.06659275 0.03357622 0.00358979
-0.05941906 0.03350382 0.00354796
-0.05255920 0.03351868 0.00359947
-0.04554689 0.03360644 0.00383289
-0.03893070 0.03366191 0.00378818
-0.03436530 0.03375010 0.00687471
0.00401174 0.03433090 0.00415680
0.00992257 0.03426449 0.00216967
0.01819395 0.03452222 0.00218768
0.02352422 0.03467762 0.00412307
-0.07159384 0.03830617 0.00310587
-0.06973085 0.04178485 0.00359733
-0.02943305 0.03818218 0.00288218
-0.02464826 0.03825249 0.00364554
-0.01738757 0.03836157 0.00342997
-0.01013387 0.03855575 0.00327790
-0.00342962 0.03837818 0.00370899
0.00176281 0.03636133 0.00291347
0.01036595 0.03555542 0.00421887
0.01726541 0.03564817 0.00443898
0.02639555 0.03602468 0.00109036
0.03158117 0.03666341 0.00310678
0.03896486 0.03899485 0.00376043
0.04345578 0.04111682 0.00426761
-0.06693085 0.04430645 0.00324319
-0.06003839 0.04761401 0.00388338
0.04173080 0.04227490 0.00024864
0.04639466 0.04372826 0.00258325
0.05095094 0.04648819 0.00381319
-0.05721051 0.05215226 0.00365516
0.05437156 0.05122093 0.00231669
0.05688981 0.05366019 0.00472202
-0.07011420 0.06257970 0.00621740
-0.06607701 0.06138750 0.00394254
-0.05888259 0.05841371 0.00339372
0.05574028 0.05850666 0.00041500
0.05809694 0.05942093 0.00363643
-0.07378463 0.06644520 0.00380355
-0.06906794 0.06372263 0.00095975
0.04635331 0.06827974 0.00142621
0.05321409 0.06760553 0.00154349
0.05787556 0.06619052 0.00396892
-0.08053314 0.07343645 0.00383820
-0.07635096 0.07026836 0.00153136
0.04595578 0.07344142 0.00340053
0.05240732 0.07101623 0.00488811
0.05662220 0.07060428 0.00612563
-0.08496913 0.08098627 0.00449902
-0.08330522 0.07931110 0.00159010
0.04559091 0.08058169 0.00319613
-0.08729256 0.08734740 0.00347740
0.04531922 0.08757371 0.00318472
-0.08706000 0.09408771 0.00343128
0.04437472 0.09454114 0.00318141
-0.08629936 0.10150684 0.00340448
0.04139479 0.10326581 0.00286236
0.04278239 0.09993311 0.00343904
-0.08518069 0.10876300 0.00438987
-0.08317625 0.10920555 0.00106737
0.03840990 0.10834128 0.00329645
-0.08794873 0.11596664 0.00343653
-0.08343585 0.11283350 0.00074497
0.03268164 0.11633186 0.00344470
0.03565829 0.11266129 0.00384122
-0.09101555 0.12472200 0.00627607
-0.08927502 0.12251855 0.00311153
-0.03057540 0.12528481 0.00276694
-0.02551007 0.12528758 0.00277601
-0.02025230 0.12591401 0.00084073
0.02007555 0.12560001 0.00122661
0.02441715 0.12325732 0.00342588
0.02905826 0.11981372 0.00380782
-0.08877900 0.12948114 0.00326917
-0.04924620 0.13238201 0.00017709
-0.04549168 0.13006642 0.00327820
-0.03843978 0.12792376 0.00351790
-0.03339021 0.12654530 0.00444063
-0.02242894 0.12635715 0.00466600
-0.01739144 0.12741122 0.00362632
-0.01053619 0.12908936 0.00339434
-0.00338517 0.13024984 0.00310589
0.00365766 0.13071929 0.00311074
0.01045567 0.12994988 0.00322741
0.01705796 0.12764043 0.00344128
0.02111620 0.12609300 0.00605375
-0.08696952 0.13625039 0.00333067
-0.08321730 0.13898000 0.00031516
-0.05022319 0.13710414 0.00233311
-0.04849745 0.13463253 0.00478017
-0.08509804 0.14253852 0.00486686
-0.08277834 0.14376862 0.00176016
-0.05024962 0.14206111 0.00313746
-0.04639351 0.14549585 0.00317975
-0.08473835 0.14947873 0.00585220
-0.08098126 0.15089659 0.00271291
-0.06416135 0.15336725 0.00064497
-0.06112194 0.15307558 0.00072809
-0.04315779 0.14921467 0.00483240
-0.03903258 0.15180136 0.00320259
-0.03435424 0.15315367 0.00044317
-0.07807207 0.15428233 0.00570163
-0.07329337 0.15544552 0.00340235
-0.06669556 0.15502766 0.00378120
-0.05895385 0.15700814 0.00350242
-0.05503178 0.16027912 0.00475661
-0.04375442 0.15863805 0.00587986
-0.03867676 0.15793681 0.00366603
-0.03198093 0.15764463 0.00165182
-0.02764130 0.15959799 0.00027086
-0.05195209 0.16304493 0.00291946
-0.04581379 0.16486269 0.00434942
-0.03957446 0.16459036 0.00252143
-0.04432692 0.16871899 0.00142643
-0.03869021 0.16964903 0.00138381
-0.07121427 0.03461318 0.00802732
-0.06644662 0.03401483 0.01026067
-0.05934599 0.03362644 0.01051448
-0.05284645 0.03373435 0.01017216
-0.04581517 0.03471624 0.00755076
-0.03807198 0.03404820 0.00927827
-0.03302450 0.03381175 0.01126147
-0.00002435 0.03487740 0.01100610
0.00269477 0.03426752 0.01062138
0.02528751 0.03459886 0.00986361
0.02878009 0.03481789 0.01046234
-0.07130788 0.03734958 0.00870469
-0.06807307 0.03852290 0.01179219
-0.04555793 0.03579609 0.00847345
-0.03840506 0.03564098 0.01112317
-0.02454920 0.03803892 0.01035280
-0.01760370 0.03824752 0.01074762
-0.01049429 0.03839586 0.01024611
-0.00329486 0.03741394 0.01060761
0.02067490 0.03582335 0.00791329
0.02266685 0.03558030 0.01130907
0.03233182 0.03550659 0.01050360
0.03884179 0.03801996 0.01056601
0.04461725 0.04086956 0.01041839
-0.06591094 0.04354689 0.00966840
-0.05925026 0.04614345 0.01074559
-0.05444585 0.04789042 0.01258830
0.04838187 0.04294280 0.01078627
0.05248617 0.04625411 0.01021171
-0.05651745 0.05070567 0.00806256
-0.05369361 0.05302482 0.01123558
0.05570560 0.04938260 0.00869763
0.05785108 0.05271721 0.01037464
-0.07064989 0.06234312 0.01082667
-0.06661547 0.06038110 0.01076912
-0.05942015 0.05813779 0.01041024
-0.05496874 0.05630334 0.01029705
0.06025086 0.05952486 0.01016053
-0.07792298 0.06929073 0.01083173
-0.07422803 0.06571916 0.01037147
0.06008907 0.06662895 0.01015188
-0.08129384 0.07315398 0.01057802
0.04714393 0.07457563 0.01035316
0.05259565 0.07298044 0.01029023
0.05777804 0.07127409 0.01056964
-0.08586115 0.08056646 0.01050370
0.04630313 0.08064758 0.01017927
-0.08840285 0.08746473 0.01046880
0.04580477 0.08761600 0.01016896
-0.08910289 0.09423950 0.01043499
0.04486074 0.09458382 0.01016282
-0.08844609 0.10138463 0.01024524
0.04154364 0.10393989 0.01071737
0.04297954 0.10064765 0.00997058
-0.08704953 0.10874440 0.01051572
0.03889851 0.10865231 0.01038618
-0.09220361 0.11672057 0.01073932
-0.09019163 0.11383000 0.00910304
0.03311219 0.11661689 0.01061848
0.03577169 0.11312434 0.01005092
-0.09277194 0.12274311 0.01027916
-0.02934695 0.12574115 0.01043157
-0.02675737 0.12586033 0.00985761
0.02499362 0.12395737 0.01045419
0.02947224 0.12040192 0.01058144
-0.09210873 0.12935209 0.01049798
-0.09080740 0.13182567 0.00756968
-0.04457494 0.13072008 0.01041075
-0.03862816 0.12823406 0.01061276
-0.03285628 0.12677836 0.01057959
-0.02336661 0.12668194 0.01063601
-0.01746391 0.12824661 0.01048296
-0.01043356 0.12992182 0.01045604
-0.00336177 0.13107078 0.01062038
0.00371406 0.13159429 0.01038729
0.01067270 0.13076536 0.01042590
0.01747160 0.12824050 0.01040415
0.02146597 0.12629001 0.01139995
-0.09108470 0.13368101 0.01221987
-0.08924147 0.13666722 0.01002306
-0.04911770 0.13860400 0.00740359
-0.04787181 0.13585417 0.01048555
-0.08796758 0.14329396 0.01018383
-0.04967681 0.14291796 0.01074222
-0.04809468 0.14565620 0.00797894
-0.08740340 0.15034202 0.01053537
-0.08253699 0.15339933 0.00877277
-0.05073793 0.15108244 0.01227113
-0.04640314 0.15090634 0.00882045
-0.07960630 0.15476735 0.01092584
-0.07330403 0.15581806 0.01048658
-0.06650689 0.15579645 0.01055971
-0.05944429 0.15603434 0.01067996
-0.05248918 0.15726136 0.00997782
-0.04684518 0.15734735 0.00825213
-0.04989030 0.16124800 0.00701432
-0.06449731 0.03444215 0.01564873
-0.05963155 0.03386382 0.01738221
-0.05464019 0.03352296 0.01820017
-0.03535203 0.03464750 0.01849390
-0.03259761 0.03399429 0.01712326
0.00386707 0.03435187 0.01711355
0.00939002 0.03464943 0.01947899
0.02024970 0.03473990 0.02069800
0.02470203 0.03478765 0.01727149
0.02812020 0.03488950 0.01487870
-0.06489209 0.03754479 0.01593245
-0.06090090 0.03909592 0.01867914
-0.03576900 0.03545973 0.01677953
-0.02902670 0.03611683 0.01906983
-0.02424128 0.03794831 0.01725293
-0.01771952 0.03819639 0.01780020
-0.01055354 0.03833184 0.01750741
-0.00298905 0.03771865 0.01743516
0.00103396 0.03569302 0.01915726
0.01970417 0.03582773 0.01899947
0.02438200 0.03549621 0.01754852
0.03171345 0.03624267 0.01774103
0.03817632 0.03846739 0.01761531
0.04381451 0.04087721 0.01692799
-0.05841722 0.04302840 0.01630082
-0.05240506 0.04647380 0.01762484
0.04707055 0.04274729 0.01792995
0.05195629 0.04600015 0.01744474
-0.05067157 0.05280125 0.01741862
0.05551382 0.04931236 0.01820016
0.05786604 0.05282409 0.01701713
-0.07067510 0.06264696 0.01648602
-0.06649837 0.06091814 0.01765700
-0.05992193 0.05880593 0.01751130
-0.05357381 0.05709069 0.01977403
0.06000624 0.05950488 0.01717573
-0.07805950 0.06947766 0.01684319
-0.07389981 0.06606545 0.01779505
0.05983902 0.06667206 0.01773091
-0.08098064 0.07363268 0.01765887
0.04691865 0.07383527 0.01784849
0.05266224 0.07301553 0.01752109
0.05759652 0.07129802 0.01690310
-0.08565170 0.08049097 0.01737050
-0.08362637 0.07735533 0.01859325
0.04598507 0.08068955 0.01729957
-0.08825908 0.08748755 0.01746082
0.04534068 0.08758716 0.01716623
-0.08947679 0.09429480 0.01742445
0.04430844 0.09455591 0.01715996
-0.08880989 0.10102002 0.01738351
0.04121590 0.10307761 0.01749700
0.04272835 0.09976976 0.01680893
-0.08717763 0.10847602 0.01742094
0.03856435 0.10859795 0.01732207
-0.09278086 0.11606921 0.01718461
-0.09019613 0.11284300 0.01843471
0.03296458 0.11649967 0.01751702
0.03577802 0.11290164 0.01695482
-0.09426338 0.12280754 0.01727429
-0.04312295 0.12566450 0.02031980
-0.03815423 0.12573300 0.02060997
-0.03070326 0.12515011 0.01820878
-0.02551809 0.12517390 0.01795591
-0.02080420 0.12597400 0.02096060
0.02492309 0.12385680 0.01761804
0.02940023 0.12021543 0.01753785
-0.09318909 0.12962016 0.01723919
-0.04462889 0.12982570 0.01751998
-0.03853176 0.12700787 0.01726613
-0.03342893 0.12645173 0.01628046
-0.02228000 0.12652028 0.01644854
-0.01736886 0.12800206 0.01727136
-0.01026117 0.12984613 0.01754127
-0.00346355 0.13087516 0.01761581
0.00349293 0.13137329 0.01747135
0.01063090 0.13056700 0.01742848
0.01766231 0.12794541 0.01749143
0.02143273 0.12623376 0.01685365
-0.09139223 0.13441113 0.01733764
-0.09060816 0.13707483 0.01716110
-0.04966421 0.13807446 0.01838874
-0.04782432 0.13537483 0.01672571
-0.09153182 0.14329670 0.01794301
-0.09048451 0.14350440 0.01455448
-0.05135807 0.14317295 0.01738873
-0.09145173 0.14815034 0.01764253
-0.08835234 0.15177271 0.01725488
-0.05270429 0.15073474 0.01743496
-0.08051830 0.15505765 0.01745062
-0.07369403 0.15616560 0.01757981
-0.06657839 0.15624799 0.01749070
-0.05948029 0.15562092 0.01755532
-0.05521248 0.15439312 0.01693154
-0.06374008 0.03459628 0.02541932
-0.05956952 0.03412274 0.02435636
-0.05323560 0.03391929 0.02506591
-0.04579973 0.03382488 0.02716395
-0.03750922 0.03415125 0.02610143
-0.03311677 0.03430126 0.02409225
0.00573676 0.03468053 0.02188120
0.01073157 0.03466653 0.02418764
0.01701576 0.03473832 0.02422468
0.02214262 0.03494590 0.02226182
-0.06443679 0.03818341 0.02594814
-0.06125294 0.04029250 0.02345868
-0.03707857 0.03531542 0.02338383
-0.02954606 0.03723987 0.02581667
-0.02460338 0.03806913 0.02427102
-0.01734850 0.03835737 0.02464350
-0.01034989 0.03849851 0.02469513
-0.00338701 0.03864997 0.02428387
0.00336145 0.03746750 0.02459713
0.00847694 0.03606068 0.02690449
0.01995835 0.03511417 0.02710715
0.02507321 0.03631986 0.02447022
0.03148249 0.03869151 0.02472001
0.03806162 0.04044060 0.02419990
0.04304137 0.04163300 0.02156453
-0.05907847 0.04396743 0.02535432
-0.05378795 0.04687160 0.02376770
0.04060753 0.04289004 0.02692567
0.04596921 0.04482799 0.02491722
0.05086702 0.04733411 0.02330232
-0.05215053 0.05250448 0.02491464
0.05346859 0.05188163 0.02501132
0.05701677 0.05424429 0.02245454
-0.06511515 0.06218441 0.02302677
-0.05968637 0.06107114 0.02412750
-0.05333332 0.05865418 0.02503669
0.05505128 0.05919784 0.02703421
0.05777565 0.05964158 0.02342083
-0.07309265 0.06761806 0.02399112
-0.06761976 0.06454934 0.02539307
-0.06289160 0.06310160 0.02689010
0.04490787 0.06756034 0.02634388
0.05315482 0.06717071 0.02602411
0.05759198 0.06612319 0.02316391
-0.07926223 0.07392506 0.02429340
-0.07603987 0.07079959 0.02624908
0.04465527 0.07317249 0.02428186
0.05219721 0.07102130 0.02258854
0.05608140 0.07042340 0.02163510
-0.08457268 0.08245905 0.02406072
-0.08285031 0.07903557 0.02473827
0.04453439 0.08061583 0.02423917
-0.08649445 0.08755372 0.02451020
0.04398509 0.08748704 0.02442573
-0.08769147 0.09467696 0.02445601
0.04163963 0.09592970 0.02660807
0.04315872 0.09395996 0.02392807
-0.08641096 0.10177203 0.02427445
-0.08381554 0.10393650 0.02766320
0.04020807 0.10172188 0.02474073
0.04225780 0.09866873 0.02216523
-0.08524593 0.10929613 0.02380477
-0.08322535 0.10762509 0.02672896
0.03453397 0.11099774 0.02745360
0.03743809 0.10831170 0.02427226
-0.09240908 0.11719407 0.02382423
-0.08876359 0.11376302 0.02466716
0.03195174 0.11596956 0.02472511
0.03534037 0.11252733 0.02277093
-0.09393958 0.12283682 0.02428441
-0.04480203 0.12321550 0.02537200
-0.03819287 0.12392076 0.02450611
-0.03162627 0.12249321 0.02445265
-0.02458045 0.12287480 0.02464839
-0.01856773 0.12480121 0.02566135
-0.01369480 0.12592100 0.02787670
0.01908671 0.12515324 0.02561634
0.02446799 0.12266389 0.02456330
0.02864719 0.12004374 0.02328793
-0.09289104 0.12966654 0.02424554
-0.04923730 0.13288300 0.02676350
-0.04690697 0.12953787 0.02449664
-0.01634429 0.12699209 0.02303305
-0.01042630 0.12836486 0.02450481
-0.00345657 0.12955691 0.02456149
0.00354529 0.12982915 0.02457552
0.01062584 0.12906648 0.02448985
0.01639288 0.12720366 0.02378683
-0.09116780 0.13375734 0.02221893
-0.08993012 0.13676374 0.02438721
-0.05103485 0.13666312 0.02489987
-0.04839183 0.13409249 0.02262297
-0.09132163 0.14438722 0.02336622
-0.09060593 0.14235015 0.02544800
-0.05323995 0.14316975 0.02440794
-0.09138152 0.14776298 0.02233632
-0.08828542 0.15041623 0.02452429
-0.08260696 0.15342052 0.02578650
-0.05671615 0.15386149 0.02711130
-0.05415383 0.15079108 0.02443999
-0.07965311 0.15469058 0.02416378
-0.07344760 0.15571889 0.02444205
-0.06650554 0.15590248 0.02460629
-0.05976444 0.15513024 0.02431019
-0.05567160 0.15425101 0.02166475
-0.06461515 0.03458799 0.03141562
-0.05951748 0.03431045 0.03145769
-0.05239594 0.03440317 0.03148703
-0.04521677 0.03441142 0.03141827
-0.03846477 0.03437505 0.03136671
-0.03439750 0.03476007 0.03169333
0.01309146 0.03483775 0.03138147
0.01585568 0.03485085 0.03127421
-0.06586464 0.03889062 0.03160409
-0.03052639 0.03764934 0.03158987
-0.02456682 0.03851547 0.03149497
-0.01752624 0.03872180 0.03173800
-0.01055091 0.03885768 0.03147488
-0.00375135 0.03901583 0.03134853
0.00348901 0.03926384 0.03145311
0.00965323 0.03705103 0.03081114
0.01915981 0.03528316 0.03192288
0.02481600 0.03872092 0.03143461
0.02967936 0.04123130 0.02947306
-0.06406210 0.04347904 0.03219667
-0.05982646 0.04644482 0.03162982
-0.05558425 0.04791510 0.02916620
0.02711610 0.04275270 0.03430105
0.03159998 0.04538051 0.03133212
0.03831917 0.04566538 0.03041027
0.04421069 0.04711768 0.02952869
-0.05155418 0.05240382 0.03172362
0.03328620 0.05116637 0.03338070
0.03835078 0.05273477 0.03200702
0.04561580 0.05244924 0.03148756
0.05056075 0.05380927 0.02913877
-0.05747820 0.06253900 0.02879347
-0.05165128 0.06032735 0.03143670
0.03880617 0.05926824 0.03188894
0.04549937 0.05970599 0.03094257
0.05161841 0.05960713 0.02955949
-0.07132697 0.06889132 0.02968089
-0.06633019 0.06711363 0.03139120
-0.05984124 0.06493185 0.03200739
-0.05359044 0.06438222 0.03358418
0.04010737 0.06658584 0.03161569
0.04610180 0.06419204 0.02864449
0.05132912 0.06421733 0.02862739
-0.07804436 0.07571364 0.02974476
-0.07397971 0.07271431 0.03192249
-0.06929106 0.07067233 0.03419947
0.04010795 0.07393146 0.03248237
0.04236148 0.07377578 0.02865034
-0.08033147 0.08031444 0.03150446
-0.07623952 0.07806428 0.03424592
0.04049369 0.08056912 0.03243036
0.04241105 0.08053501 0.02881602
-0.08446504 0.08810618 0.02851214
-0.08207521 0.08709235 0.03194256
0.04022468 0.08749703 0.03222016
0.04241924 0.08564605 0.02871160
-0.08485577 0.09452162 0.02899057
-0.08174801 0.09426831 0.03263758
0.03959214 0.09438904 0.03116609
-0.08431122 0.10025368 0.02862240
-0.08074062 0.10173338 0.03186632
-0.07684985 0.10419950 0.03488665
0.03386659 0.10341660 0.03386934
0.03708713 0.10117383 0.03109219
-0.08547210 0.11153661 0.03230726
-0.08084555 0.10856883 0.03162684
0.02764060 0.11141600 0.03487250
0.03210160 0.10904688 0.03206513
0.03577381 0.10696729 0.02902449
-0.09192695 0.11726087 0.03194790
-0.08867114 0.11376420 0.03093079
-0.05145570 0.11612725 0.03368237
-0.04568649 0.11609730 0.03262400
-0.03832719 0.11572681 0.03294044
-0.03142464 0.11607861 0.03260249
-0.02517693 0.11706056 0.03310005
-0.02052120 0.11818100 0.03479580
0.02019140 0.11798200 0.03464770
0.02518596 0.11636125 0.03236522
0.03007524 0.11419217 0.03040908
-0.09261566 0.12285279 0.03127638
-0.05056763 0.12261257 0.03316050
-0.04712442 0.12173519 0.02939981
-0.03823378 0.12029937 0.02946316
-0.03224673 0.11972409 0.02916675
-0.02388249 0.12046142 0.03010598
-0.01745328 0.12214462 0.03145378
-0.01060235 0.12419888 0.03210935
-0.00360258 0.12433769 0.03345322
0.00378245 0.12414475 0.03349433
0.01089178 0.12377127 0.03291945
0.01744311 0.12210259 0.03160220
0.02297050 0.12067225 0.03025894
-0.09181213 0.12888667 0.03089612
-0.09046806 0.13196477 0.03222586
-0.05140703 0.13017911 0.03213965
-0.04850182 0.12804343 0.02936277
-0.00926109 0.12653750 0.02910008
-0.00301259 0.12710744 0.02987361
0.00346512 0.12712812 0.02974032
0.01010837 0.12685059 0.02934999
-0.08957864 0.13653697 0.03120119
-0.05823371 0.13780673 0.03344350
-0.05373561 0.13609351 0.03054077
-0.08910055 0.14334072 0.03133545
-0.05785695 0.14372386 0.03256067
-0.05497457 0.14378573 0.02933572
-0.08635449 0.14908230 0.03061542
-0.08067594 0.15185264 0.03186891
-0.07355297 0.15309480 0.03326114
-0.06647440 0.15336671 0.03329276
-0.05871243 0.15168603 0.03215032
-0.05558166 0.14988044 0.02890368
-0.07307693 0.15449069 0.02974056
-0.06632414 0.15463565 0.02992393
-0.06079071 0.15438233 0.02912264
-0.06407676 0.03469973 0.03753662
-0.05946069 0.03446489 0.03852707
-0.05230701 0.03452384 0.03865849
-0.04552608 0.03459450 0.03848680
-0.03869364 0.03456364 0.03843889
-0.03305503 0.03451844 0.03972969
-0.00809599 0.03474390 0.04196000
-0.00205838 0.03476070 0.04109760
0.00407407 0.03471238 0.03958710
0.01058108 0.03468326 0.03859860
0.01532740 0.03485936 0.03746215
-0.06513353 0.03828435 0.03852381
-0.03997980 0.03697003 0.04181643
-0.02856120 0.03856155 0.03613185
-0.02372796 0.03897600 0.03699420
-0.01739432 0.03919075 0.03770711
-0.01066351 0.03906824 0.03718995
-0.00328804 0.03851673 0.03672260
0.01885901 0.03662769 0.03952160
0.02273699 0.03936726 0.03807283
-0.06373530 0.04376911 0.03692999
-0.06010395 0.04605159 0.03886760
-0.05293039 0.04778796 0.03961338
-0.04522037 0.04670990 0.04061363
-0.03862424 0.04551877 0.04081539
-0.03420310 0.04826690 0.04068710
0.02007550 0.04718253 0.04165720
0.02448077 0.04480834 0.03886235
0.02865342 0.04686842 0.03588504
-0.05137046 0.04960046 0.03660354
-0.04590788 0.05241773 0.03796237
-0.03849022 0.05199677 0.03919180
-0.03155406 0.05240377 0.03817343
-0.02595412 0.05364513 0.03948800
0.02039070 0.04904380 0.04153310
0.02522334 0.05119215 0.03989030
0.03060206 0.05271817 0.03725887
-0.04909000 0.06280070 0.03528450
-0.04576597 0.05964296 0.03816593
-0.03849615 0.05913092 0.04030646
-0.03168429 0.05918567 0.03794539
-0.02585530 0.05904638 0.03946042
0.02773580 0.05708570 0.04171890
0.03196888 0.05901507 0.03941415
0.03600980 0.06038069 0.03633582
-0.06375463 0.06928203 0.03583805
-0.05893886 0.06843007 0.03672758
-0.05231612 0.06716704 0.03688106
-0.04569813 0.06664805 0.03967888
-0.03849695 0.06627158 0.04153927
-0.03149971 0.06608154 0.03936671
-0.02638224 0.06550372 0.04014670
0.03208696 0.06624445 0.04051424
0.03664047 0.06627267 0.03690083
-0.07163332 0.07529947 0.03664073
-0.06627352 0.07327823 0.03796466
-0.05979055 0.07282630 0.04012220
-0.05256722 0.07219318 0.04034974
-0.04710148 0.07164400 0.04113821
-0.03774773 0.07218023 0.04190754
-0.03145661 0.07327172 0.04082334
-0.02741450 0.07122242 0.04110467
0.03281265 0.07314226 0.04052455
0.03658625 0.07362874 0.03725858
-0.07792942 0.08256812 0.03584668
-0.07339591 0.08059032 0.03814354
-0.06757163 0.07910313 0.04088973
-0.06249280 0.07754090 0.04193450
-0.03551040 0.07753980 0.04190020
-0.03228142 0.07976515 0.04155453
0.03395316 0.08111253 0.04077823
0.03702408 0.08088583 0.03703893
-0.07846813 0.08752543 0.03655830
-0.07354177 0.08741181 0.04022093
-0.03249230 0.08456150 0.04191490
0.03417969 0.08760259 0.04074220
0.03672405 0.08752152 0.03738038
-0.07814779 0.09389886 0.03625220
-0.07379089 0.09424409 0.04003945
-0.06847937 0.09726437 0.04185833
-0.04049730 0.09727150 0.04198960
0.03280409 0.09466692 0.04011871
0.03633410 0.09378810 0.03669740
-0.07771111 0.09945350 0.03561661
-0.07356194 0.10126115 0.03803386
-0.06697844 0.10182459 0.04075401
-0.06004179 0.10379591 0.04146368
-0.05249656 0.10322265 0.04122653
-0.04566194 0.10313762 0.04141645
-0.03886186 0.10183308 0.04084276
-0.03211525 0.10354229 0.04128026
-0.02700185 0.10434450 0.04175155
0.02580751 0.10315496 0.04037558
0.03109597 0.10101334 0.03799056
0.03524730 0.09880185 0.03533260
-0.08619092 0.11124890 0.03857744
-0.08047960 0.10961177 0.03868065
-0.07336760 0.10803382 0.03821387
-0.06676010 0.10847118 0.03849316
-0.05950477 0.10839094 0.03870646
-0.05249824 0.10841855 0.03867755
-0.04549445 0.10844497 0.03901841
-0.03848670 0.10839176 0.03775691
-0.03150694 0.10841454 0.03847452
-0.02469297 0.10875938 0.04000981
-0.01789518 0.10994996 0.04107038
-0.01248313 0.11137799 0.04166970
0.00557223 0.10897111 0.04160246
0.01022610 0.10937515 0.04035467
0.01784315 0.10912508 0.03988233
0.02437862 0.10846336 0.03817544
0.02915588 0.10744327 0.03626740
-0.09221705 0.11689367 0.03832238
-0.08966159 0.11335388 0.03877106
-0.06435750 0.11333390 0.03985028
-0.05947972 0.11543506 0.03786899
-0.05384476 0.11494860 0.03583753
-0.04549900 0.11255828 0.03572530
-0.03948792 0.11254101 0.03544620
-0.03101115 0.11253950 0.03549755
-0.02402134 0.11384361 0.03656364
-0.01741595 0.11538299 0.03788238
-0.01049236 0.11553315 0.03966793
-0.00364336 0.11572518 0.04037492
0.00357754 0.11561498 0.03999990
0.01023270 0.11536973 0.03826548
0.01747889 0.11528737 0.03668693
0.02280629 0.11340989 0.03570598
-0.09281753 0.12287989 0.03846614
-0.05848775 0.12262093 0.04055095
-0.05405222 0.12266473 0.03705812
-0.01548480 0.11959734 0.03575757
-0.01017958 0.12059537 0.03630891
-0.00338809 0.12112767 0.03677477
0.00330129 0.12071688 0.03649434
0.00997720 0.12041859 0.03587460
0.01449540 0.11957200 0.03523890
-0.09158441 0.12797739 0.03770118
-0.09027771 0.13110691 0.03892208
-0.06378206 0.13167660 0.04114270
-0.05936270 0.12990272 0.03906676
-0.05475817 0.12879454 0.03627259
-0.08920322 0.13654980 0.03832244
-0.06437479 0.13716005 0.03973016
-0.06090809 0.13586283 0.03644047
-0.08672520 0.14286622 0.03809260
-0.08201351 0.14539310 0.04053591
-0.06508994 0.14416309 0.03988802
-0.06107971 0.14411922 0.03664381
-0.08475260 0.14730801 0.03574143
-0.07995648 0.14871641 0.03789251
-0.07348875 0.14973192 0.03878953
-0.06681766 0.15005873 0.03788120
-0.06125825 0.14962767 0.03618357
-0.05840190 0.03464173 0.04331031
-0.05256341 0.03470641 0.04375741
-0.04730386 0.03482566 0.04294506
-0.03601810 0.03478707 0.04304253
-0.03105558 0.03482109 0.04508322
-0.02472039 0.03482494 0.04585852
-0.01741828 0.03477323 0.04639459
-0.01047677 0.03475527 0.04540981
-0.00390516 0.03470944 0.04444780
0.00307287 0.03474054 0.04336972
0.00966220 0.03479998 0.04269880
-0.06333687 0.03676633 0.04254387
-0.05966120 0.03805160 0.04512348
-0.05265364 0.03821002 0.04633154
-0.04534796 0.03824840 0.04431367
-0.03757968 0.03779484 0.04457403
-0.03384122 0.03688546 0.04818037
-0.00875757 0.03684395 0.04785031
-0.00341635 0.03827082 0.04764216
0.00329803 0.03853119 0.04597403
0.01063815 0.03831346 0.04469400
0.01667614 0.03883404 0.04339730
-0.05879456 0.04367926 0.04375678
-0.05268621 0.04440739 0.04411536
-0.04569380 0.04351458 0.04305437
-0.03697955 0.04349400 0.04364688
-0.03200218 0.04612444 0.04603883
-0.02682065 0.04865270 0.04814173
-0.01712136 0.04843744 0.04814417
-0.01000336 0.04603834 0.04821439
-0.00378153 0.04421183 0.04742612
0.00350310 0.04427468 0.04659440
0.01059404 0.04561490 0.04592023
0.01754302 0.04515501 0.04335605
-0.02927340 0.04996702 0.04348898
-0.02356917 0.05200509 0.04462586
-0.01850434 0.05220076 0.04744351
0.01298594 0.05007252 0.04767257
0.01748700 0.05222620 0.04638885
0.02294084 0.05380776 0.04376590
-0.02246588 0.05957287 0.04436475
-0.02023696 0.05942423 0.04772843
0.01887555 0.05857651 0.04852851
0.02424525 0.05926098 0.04516191
0.02855010 0.06089648 0.04249833
-0.02353424 0.06668177 0.04531744
-0.02050720 0.06388565 0.04847080
0.02015042 0.06507643 0.04822915
0.02456280 0.06650142 0.04522817
0.02881188 0.06632130 0.04255809
-0.05835238 0.07577680 0.04242463
-0.05207907 0.07561412 0.04272551
-0.04475610 0.07421722 0.04243632
-0.03913097 0.07431947 0.04233041
-0.02843473 0.07589786 0.04305443
-0.02578569 0.07340978 0.04569733
0.02507126 0.07355656 0.04656541
0.02968411 0.07477877 0.04332617
-0.06548119 0.08160119 0.04302616
-0.05940137 0.08055911 0.04352638
-0.05249614 0.08053079 0.04427628
-0.04549785 0.08043388 0.04308424
-0.03858811 0.08052160 0.04303198
-0.02972682 0.08091374 0.04431461
-0.02738021 0.07997796 0.04763625
0.02608695 0.08094291 0.04714186
0.03044417 0.08073358 0.04351625
-0.06674732 0.08763764 0.04377893
-0.05949531 0.08758819 0.04479854
-0.05249599 0.08761609 0.04518281
-0.04549166 0.08751502 0.04387775
-0.03849444 0.08747250 0.04328238
-0.03107162 0.08747009 0.04414700
-0.02722013 0.08852294 0.04756880
0.01926894 0.08996511 0.04847980
0.02493305 0.08783650 0.04721752
0.03042018 0.08757830 0.04322646
-0.07050270 0.09373435 0.04204740
-0.06632962 0.09415025 0.04291201
-0.05949421 0.09460713 0.04442576
-0.05249672 0.09458844 0.04410394
-0.04548478 0.09453123 0.04326493
-0.03842914 0.09443121 0.04309241
-0.03149292 0.09461586 0.04447128
-0.02491619 0.09480155 0.04562228
-0.01887782 0.09705127 0.04737070
0.01198268 0.09766623 0.04860818
0.01794638 0.09500274 0.04775170
0.02447855 0.09439276 0.04600208
0.02949850 0.09354237 0.04300598
-0.06416633 0.09963885 0.04218943
-0.05924601 0.10049355 0.04260900
-0.05249524 0.09992388 0.04282125
-0.04531669 0.09980560 0.04246669
-0.03629670 0.09927879 0.04246036
-0.03113071 0.10035534 0.04305419
-0.02421042 0.10128512 0.04376530
-0.01717843 0.10129090 0.04414603
-0.01040141 0.10169952 0.04508314
-0.00322588 0.10182671 0.04525205
0.00336315 0.10169552 0.04547916
0.01051578 0.10174870 0.04671536
0.01775867 0.10184485 0.04566685
0.02371756 0.10029282 0.04373972
-0.08477259 0.11163234 0.04316270
-0.08024377 0.11080958 0.04394203
-0.07366019 0.11072174 0.04463084
-0.06905615 0.11142850 0.04346593
-0.02249773 0.10577900 0.04231300
-0.01696057 0.10672633 0.04245676
-0.01029863 0.10837140 0.04302764
-0.00338326 0.10850440 0.04330840
0.00221367 0.10854618 0.04252112
0.01106964 0.10605410 0.04296020
0.01649045 0.10610150 0.04275977
-0.09160216 0.11780380 0.04261870
-0.08772103 0.11579405 0.04539862
-0.08103234 0.11459397 0.04744520
-0.07400386 0.11238212 0.04805573
-0.06605808 0.11487466 0.04579597
-0.06277893 0.11795933 0.04325197
-0.00099611 0.11280500 0.04211765
0.00049751 0.11282300 0.04206070
-0.09166372 0.12246847 0.04332520
-0.08808544 0.12295649 0.04695901
-0.06399340 0.12290977 0.04727389
-0.06190509 0.12276535 0.04347856
-0.08786844 0.12966058 0.04565421
-0.06605636 0.13001414 0.04593437
-0.06235589 0.12738834 0.04261857
-0.08623088 0.13613816 0.04466743
-0.08165089 0.13812280 0.04749223
-0.07205515 0.13802813 0.04825226
-0.06764767 0.13662489 0.04508881
-0.08461618 0.14099474 0.04283828
-0.07994966 0.14277506 0.04459635
-0.07341076 0.14332411 0.04527885
-0.06821032 0.14324200 0.04344567
-0.07250045 0.14701051 0.04229185
-0.02976720 0.03489870 0.04944977
-0.02416260 0.03487211 0.04999434
-0.01811283 0.03485773 0.04985258
-0.03106456 0.03800188 0.05137637
-0.02452680 0.03782769 0.05354615
-0.01755827 0.03833170 0.05207659
-0.01094319 0.03813029 0.04994813
-0.03005526 0.04363113 0.05053220
-0.02426173 0.04519957 0.05194656
-0.01773752 0.04523663 0.05138504
-0.01090753 0.04453216 0.04981012
-0.00294542 0.04835523 0.05006844
0.00365459 0.04814620 0.05050711
0.00857316 0.04857334 0.04973192
-0.01598471 0.05431423 0.05022565
-0.01059414 0.05259837 0.05141272
-0.00349705 0.05267885 0.05350921
0.00343664 0.05251124 0.05303704
0.01041205 0.05295257 0.05119871
0.01466330 0.05485350 0.04915530
-0.01698403 0.05984418 0.05125682
-0.01100093 0.05911877 0.05387972
-0.00369720 0.05863963 0.05465651
0.00391289 0.05834995 0.05441713
0.01047870 0.05894093 0.05249260
0.01541950 0.05942441 0.04978007
-0.02164038 0.06868275 0.04991468
-0.01770702 0.06647457 0.05264077
-0.01082591 0.06626981 0.05499736
-0.00650569 0.06751010 0.05599530
0.00513961 0.06700625 0.05568811
0.01066090 0.06627744 0.05409906
0.01682054 0.06671169 0.05091504
-0.02292136 0.07440754 0.05140489
-0.01787598 0.07302936 0.05458617
-0.01238930 0.07133339 0.05536302
0.00470572 0.07055289 0.05588041
0.01092521 0.07339842 0.05488191
0.01749868 0.07393703 0.05208000
0.02190672 0.07446777 0.04971622
-0.02466249 0.08110209 0.05290112
-0.01928160 0.07749601 0.05553212
0.00600872 0.07987225 0.05582009
0.01052575 0.08061072 0.05471653
0.01770125 0.08091784 0.05223491
0.02255759 0.08081859 0.04986702
-0.02428509 0.08769770 0.05219841
-0.01970077 0.08911524 0.05525969
0.00484087 0.08949535 0.05559438
0.01092653 0.08769330 0.05435809
0.01711979 0.08715468 0.05073132
0.02176666 0.08611416 0.04928523
-0.02243595 0.09291001 0.05059081
-0.01722699 0.09437604 0.05276269
-0.01053871 0.09569676 0.05366341
-0.00323613 0.09566913 0.05413967
0.00347337 0.09460967 0.05353910
0.01038643 0.09424413 0.05146357
0.01547755 0.09270845 0.05035746
-0.00969108 0.09878402 0.05016762
-0.00324193 0.09897806 0.05068471
0.00218003 0.09873706 0.05021878
-0.07840513 0.11662874 0.05008948
-0.07345515 0.11593854 0.05156433
-0.06799839 0.11681648 0.05093942
-0.08457262 0.12305415 0.04940459
-0.08039077 0.12250444 0.05091398
-0.07371104 0.12235919 0.05319891
-0.06743075 0.12273955 0.05154361
-0.08488981 0.12918775 0.04981505
-0.08087492 0.12951891 0.05212898
-0.07327039 0.12929048 0.05198199
-0.06858590 0.12803300 0.05023565
-0.07997829 0.13497569 0.05048714
-0.07418444 0.13526976 0.05034664
-0.00750248 0.06196340 0.05610060
-0.00229483 0.06170864 0.05623060
0.00212968 0.06146880 0.05633470
-0.00783564 0.06382134 0.05613546
-0.00341226 0.06611983 0.05647278
0.00250962 0.06536943 0.05641618
-0.01481817 0.07541996 0.05627860
-0.00984641 0.07373700 0.05701239
-0.00349485 0.07323053 0.05814907
0.00331349 0.07352931 0.05662250
0.00793783 0.07407745 0.05621346
-0.02117990 0.08252304 0.05631750
-0.01740505 0.08053875 0.05691315
-0.01050138 0.08013493 0.05765730
-0.00349761 0.08014970 0.05777416
0.00313954 0.08026781 0.05682707
0.00733435 0.08025475 0.05611610
-0.02108790 0.08527980 0.05614840
-0.01699416 0.08651529 0.05679626
-0.01049869 0.08703508 0.05711606
-0.00349720 0.08703148 0.05700042
0.00323224 0.08649333 0.05683678
0.00765867 0.08579347 0.05618162
-0.01498950 0.09114790 0.05619945
-0.01026596 0.09181246 0.05638333
-0.00404041 0.09167619 0.05632138
