-0.06562173 0.15973100 -0.05603012
-0.06287420 0.16154701 -0.05443000
-0.06623818 0.16650893 -0.05774189
-0.06176267 0.16717066 -0.05807006
-0.07283280 0.17783350 -0.05451490
-0.06636079 0.17620717 -0.05808466
-0.06187174 0.17458975 -0.05916368
-0.07301873 0.18074733 -0.05455680
-0.06853471 0.18083203 -0.05696403
-0.06906650 0.15230018 -0.04650703
-0.06738983 0.15724687 -0.04960168
-0.06281868 0.16148998 -0.04958966
-0.07299750 0.16968289 -0.04673149
-0.06915050 0.16652457 -0.04981511
-0.06232207 0.16644873 -0.05000352
-0.07575557 0.17653710 -0.04883261
-0.06737686 0.17561895 -0.04961177
-0.06258840 0.17252250 -0.05310000
-0.07331283 0.18050367 -0.05240347
-0.07035666 0.18061300 -0.05276290
-0.01453153 0.06231671 -0.03641520
-0.02112590 0.06869002 -0.03733796
-0.01388723 0.06795669 -0.03750524
-0.00744004 0.07017329 -0.03634771
-0.02779090 0.07966720 -0.03634160
-0.02270932 0.07637970 -0.03817757
-0.01377375 0.07637344 -0.03847958
-0.00548888 0.07680039 -0.03708005
-0.02779223 0.08246860 -0.03620810
-0.02243640 0.08504075 -0.03773535
-0.01365341 0.08561142 -0.03836272
-0.00523391 0.08488069 -0.03712465
0.00018870 0.08328170 -0.03612370
-0.02029160 0.09062444 -0.03630636
-0.01326925 0.09096217 -0.03660101
-0.00814733 0.09063610 -0.03621345
-0.07257300 0.15110250 -0.03937516
-0.06887499 0.15067521 -0.04053794
-0.07233505 0.15737680 -0.03821800
-0.06787072 0.15647596 -0.04183772
-0.06242889 0.15978402 -0.03993382
-0.07580381 0.16708563 -0.04026572
-0.06576803 0.16762364 -0.04076900
-0.06239515 0.16433717 -0.04104647
-0.07586823 0.17391706 -0.04111217
-0.06887887 0.17286997 -0.04097053
-0.03921021 0.03438351 -0.02873175
-0.03226996 0.03417194 -0.02947299
-0.02347676 0.03496881 -0.02847320
-0.01750360 0.03578480 -0.02704780
-0.03856411 0.03944679 -0.02821751
-0.03143068 0.04065438 -0.02953617
-0.02235184 0.03995432 -0.02861913
-0.01641689 0.04079533 -0.02745370
-0.02983994 0.04551394 -0.02753908
-0.02195891 0.04923187 -0.02875436
-0.01365080 0.04887201 -0.03049048
-0.00458774 0.04916038 -0.03039989
0.00417662 0.05049502 -0.02941672
0.01222083 0.05170038 -0.02821997
0.01886270 0.05370745 -0.02740705
-0.02767937 0.06038682 -0.02820853
-0.02258672 0.05872587 -0.03210418
-0.01352092 0.05765983 -0.03454795
-0.00480074 0.05855221 -0.03373899
0.00432272 0.05897339 -0.03168767
0.01332889 0.05880758 -0.02926155
0.01913384 0.05826003 -0.02748957
-0.02903732 0.06806377 -0.03011124
-0.02484394 0.06637579 -0.03399392
-0.00972126 0.06492695 -0.03588715
-0.00411071 0.06715221 -0.03510747
0.00427488 0.06758410 -0.03330247
0.01328408 0.06739372 -0.03061388
0.01973127 0.06737456 -0.02823963
-0.03085430 0.07667428 -0.03161306
-0.02674490 0.07258460 -0.03566470
-0.00193693 0.07422156 -0.03581551
0.00430943 0.07623553 -0.03462452
0.01324602 0.07658873 -0.03084908
0.01942081 0.07606794 -0.02782222
-0.03020115 0.08530224 -0.03144842
-0.02582843 0.08872662 -0.03520037
-0.00228760 0.08893897 -0.03552029
0.00433893 0.08544625 -0.03385638
0.01348474 0.08596902 -0.03014497
0.01895886 0.08402144 -0.02760019
-0.02820763 0.09113573 -0.02950388
-0.02238944 0.09369747 -0.03159913
-0.01351000 0.09520636 -0.03228066
-0.00446715 0.09503201 -0.03216075
0.00420915 0.09417310 -0.03076155
0.01185803 0.09240238 -0.02885949
-0.07369252 0.15037817 -0.03153611
-0.06696779 0.14913037 -0.03141757
-0.06271326 0.15205720 -0.02885268
-0.07357933 0.15754518 -0.03192076
-0.06329123 0.15345733 -0.03442587
-0.06192635 0.15769891 -0.03146589
-0.07720579 0.16668363 -0.03160351
-0.06645820 0.16802682 -0.03116487
-0.06257648 0.16351900 -0.03234212
-0.07411049 0.17169407 -0.03406035
-0.07040236 0.17148618 -0.03388590
-0.01087421 0.17636633 -0.02859578
-0.00882214 0.17496499 -0.02776530
-0.01232835 0.18152378 -0.02825779
-0.04596946 0.03497031 -0.02017853
-0.04086306 0.03377184 -0.02262533
-0.03145536 0.03406537 -0.02239393
-0.02253958 0.03402925 -0.02227177
-0.01366889 0.03423611 -0.02199353
-0.00492446 0.03425762 -0.02173411
0.00399602 0.03425020 -0.02062537
0.01147761 0.03488269 -0.01986184
-0.04563105 0.03796838 -0.01986358
-0.04200054 0.04146527 -0.02289585
-0.02951374 0.03660984 -0.01868400
-0.02272022 0.03679889 -0.01860183
-0.01228455 0.03959832 -0.02608063
-0.00452382 0.03992598 -0.02544019
0.00440212 0.04048499 -0.02441018
0.01326790 0.04050304 -0.02281759
0.01961803 0.04283306 -0.02043404
-0.03808397 0.04654760 -0.02083699
-0.03073217 0.04932204 -0.02301806
-0.02586146 0.04994125 -0.02634367
0.00738461 0.04637687 -0.02610017
0.01470035 0.04820107 -0.02531731
0.02237281 0.04991526 -0.02224834
0.02802753 0.05229397 -0.01925613
-0.02949195 0.05868515 -0.02233320
-0.02685040 0.05483240 -0.02640630
0.02384583 0.05868244 -0.02448460
0.02855492 0.05951095 -0.02007794
-0.03183457 0.06727863 -0.02245286
0.02435745 0.06729037 -0.02472601
0.02908555 0.06779695 -0.02085744
-0.06443698 0.08000056 -0.01834753
-0.05818793 0.07782463 -0.01917732
-0.05005211 0.07797294 -0.01922892
-0.04074619 0.07691357 -0.01894013
-0.03422673 0.07608587 -0.02321712
0.02389811 0.07693385 -0.02553882
0.03004335 0.07647572 -0.02113391
-0.06523663 0.08581384 -0.01871782
-0.05879608 0.08541322 -0.02050259
-0.04978844 0.08553112 -0.02156841
-0.04094017 0.08536126 -0.02171210
-0.03383592 0.08573278 -0.02484898
0.02314918 0.08589161 -0.02485918
0.03053689 0.08523154 -0.02022293
-0.06450462 0.09293462 -0.01848838
-0.05869339 0.09464855 -0.02021260
-0.04983355 0.09490108 -0.02192896
-0.04067802 0.09472765 -0.02263939
-0.03172275 0.09460331 -0.02406929
-0.02303733 0.09709869 -0.02505163
-0.01408345 0.09840330 -0.02570703
-0.00438051 0.09884126 -0.02668834
0.00524748 0.09802464 -0.02506287
0.01413477 0.09565974 -0.02457929
0.02235608 0.09472774 -0.02238400
0.02909477 0.09333980 -0.01949466
-0.05823796 0.10268929 -0.01885981
-0.04987408 0.10348146 -0.02052277
-0.04086537 0.10352456 -0.02087034
-0.03191131 0.10393900 -0.02175454
-0.02286688 0.10389506 -0.02309361
-0.01356828 0.10382233 -0.02315637
-0.00445888 0.10314909 -0.02324471
0.00405624 0.10324610 -0.02175795
0.01342639 0.10345432 -0.02078416
0.02175241 0.10173354 -0.01998444
-0.05522367 0.10884600 -0.01817813
-0.04986359 0.10915311 -0.01862201
-0.04032471 0.10967955 -0.01895689
-0.03203130 0.10964221 -0.01903562
-0.02202612 0.11063261 -0.01980703
-0.01371871 0.11077501 -0.01988474
-0.00474723 0.11127288 -0.02056089
0.00407706 0.11190371 -0.01967110
0.01153905 0.11044996 -0.01880851
-0.07426204 0.14969301 -0.02275575
-0.06643585 0.14710547 -0.02277014
-0.06253459 0.15113370 -0.02224230
-0.07618817 0.15780860 -0.02275352
-0.06358179 0.16077200 -0.01953469
-0.06192115 0.15721083 -0.02290157
-0.07591911 0.16550049 -0.02316381
-0.06733011 0.16573268 -0.02283059
-0.02717320 0.16970401 -0.01835840
-0.02162771 0.16831110 -0.01923105
-0.01203551 0.16770555 -0.02135848
-0.00879741 0.16964200 -0.02324835
-0.02750689 0.17291915 -0.01830413
-0.02231151 0.17522182 -0.02101054
-0.01326267 0.17497255 -0.02269503
-0.00875090 0.17237955 -0.02560990
-0.02041502 0.18350722 -0.02089399
-0.01515613 0.18345234 -0.02288619
-0.05825698 0.03429600 -0.01030885
-0.04889790 0.03409259 -0.01284961
-0.04099650 0.03407568 -0.01401894
-0.03466760 0.03590240 -0.01719300
-0.01094792 0.03540593 -0.01763893
-0.00418017 0.03511095 -0.01684927
0.00461618 0.03472757 -0.01568253
0.01348369 0.03466371 -0.01348281
0.01831392 0.03543388 -0.01108330
-0.05700467 0.03855293 -0.00987525
-0.04879800 0.04019660 -0.01226510
-0.04169838 0.04138615 -0.01437348
-0.03131564 0.03828464 -0.01388506
-0.02237077 0.03855494 -0.01378764
-0.01351748 0.03830585 -0.01423349
-0.00463876 0.03839041 -0.01331450
0.00424417 0.03793499 -0.01191038
0.01749225 0.03684025 -0.01718980
0.02092068 0.04072141 -0.01374904
-0.04716718 0.04935143 -0.00976635
-0.04045915 0.04913353 -0.01264499
-0.03262273 0.05164526 -0.01354543
0.02573141 0.04612527 -0.01424469
0.02952536 0.05034961 -0.01364708
-0.04855961 0.05879308 -0.01099550
-0.04065456 0.05851367 -0.01186361
-0.03282899 0.05837741 -0.01379451
0.03289154 0.05816054 -0.01438331
0.03685849 0.06031790 -0.01075667
-0.06640435 0.07029759 -0.01091515
-0.05838107 0.06878289 -0.01302443
-0.04968033 0.06715103 -0.01348196
-0.04069977 0.06735677 -0.01547179
-0.03443610 0.06624691 -0.01611043
0.03425128 0.06753318 -0.01619405
0.03827127 0.06767769 -0.01162544
-0.07436417 0.07855225 -0.01158123
-0.06790043 0.07642265 -0.01534051
-0.05943654 0.07372424 -0.01699272
-0.04934800 0.07365633 -0.01678765
-0.04073050 0.07300945 -0.01772080
0.03446569 0.07567342 -0.01609962
0.03827477 0.07688659 -0.01177557
-0.07616315 0.08570405 -0.01288743
-0.06969833 0.08594185 -0.01698758
0.03514057 0.08578657 -0.01740155
0.03883839 0.08564843 -0.01322428
-0.07632200 0.09437441 -0.01258833
-0.06850334 0.09480483 -0.01646661
-0.06286350 0.09747405 -0.01779775
0.03313409 0.09499467 -0.01535340
0.03803045 0.09353415 -0.01108450
-0.07490383 0.10286269 -0.01106726
-0.06803940 0.10332984 -0.01465540
-0.06114626 0.10554385 -0.01740410
0.01716953 0.10681926 -0.01764338
0.02347740 0.10568490 -0.01642288
0.03132545 0.10349587 -0.01340395
0.03652755 0.10127237 -0.00992062
-0.07338294 0.10926550 -0.00932637
-0.06694041 0.11193620 -0.01157583
-0.05901580 0.11262427 -0.01518609
-0.04970448 0.11375796 -0.01645826
-0.04086310 0.11420668 -0.01625903
-0.03140788 0.11435735 -0.01603312
-0.02271101 0.11464780 -0.01624980
-0.01355004 0.11534459 -0.01662370
-0.00551859 0.11570810 -0.01670145
0.00474499 0.11635270 -0.01755707
0.01429110 0.11376155 -0.01627921
0.02254626 0.11247423 -0.01313838
0.02940503 0.11007175 -0.01074315
-0.06490050 0.11801800 -0.00925088
-0.05821943 0.11928535 -0.01085883
-0.04922367 0.12088639 -0.01213341
-0.04061927 0.12073521 -0.01199360
-0.03129703 0.11904616 -0.01130973
-0.02240827 0.11894348 -0.01189363
-0.01335133 0.11991942 -0.01230867
-0.00434659 0.12097882 -0.01239900
0.00465939 0.12076055 -0.01326888
0.01307348 0.12030251 -0.01225342
0.02005985 0.11819801 -0.01059037
-0.06936841 0.12844057 -0.00905572
-0.07258797 0.14385000 -0.01208085
-0.06820599 0.14310727 -0.01165569
-0.07509027 0.14901002 -0.01379098
-0.06553466 0.14540116 -0.01481355
-0.06252643 0.14958702 -0.01324658
-0.07672709 0.15794176 -0.01369892
-0.06571358 0.15884012 -0.01237478
-0.06238501 0.15510419 -0.01545908
-0.03959133 0.15816699 -0.01069755
-0.03154776 0.15826389 -0.01193107
-0.02255804 0.15957463 -0.01203263
-0.01603707 0.16075890 -0.01168229
-0.07388080 0.16331868 -0.01473074
-0.06915781 0.16351189 -0.01519535
-0.03975912 0.16582665 -0.01189179
-0.03100313 0.16608058 -0.01543213
-0.02221105 0.16600113 -0.01375281
-0.01391696 0.16530903 -0.01469806
-0.03779498 0.17290683 -0.01103701
-0.03123439 0.17522089 -0.01399645
-0.02265444 0.17527635 -0.01368698
-0.01662202 0.17300798 -0.01720065
-0.02819516 0.18109262 -0.01160465
-0.02207579 0.18317242 -0.01416124
-0.06675898 0.03409820 -0.00427611
-0.05849671 0.03347594 -0.00444815
-0.04932936 0.03353526 -0.00453830
-0.04278806 0.03385147 -0.00401726
0.00689074 0.03485106 -0.00264361
0.01323984 0.03446898 -0.00457132
0.01963326 0.03527286 -0.00425942
-0.06648930 0.04018626 -0.00388960
-0.05954225 0.04187529 -0.00716676
-0.05255124 0.04447287 -0.00852770
-0.03740514 0.03803391 -0.00725999
-0.03139623 0.03837063 -0.00455978
-0.02268400 0.03841591 -0.00438006
-0.01354725 0.03868402 -0.00454996
-0.00430314 0.03897034 -0.00454543
0.00364776 0.03844824 -0.00533526
0.02346710 0.03968396 -0.00564582
0.03138400 0.04142993 -0.00357922
0.03879300 0.04247130 -0.00226726
-0.05690318 0.04890883 -0.00314549
-0.05160009 0.04974696 -0.00762580
0.02671630 0.04506080 -0.00869474
0.03236111 0.04871461 -0.00706256
0.04037605 0.04976423 -0.00597389
0.04838589 0.05033107 -0.00319339
-0.06504802 0.06232758 -0.00186640
-0.05727324 0.05933558 -0.00343845
-0.05275293 0.05703789 -0.00786118
0.03534930 0.05493627 -0.00834098
0.04063490 0.05845541 -0.00560551
0.04963808 0.05866524 -0.00400335
0.05471963 0.05935479 -0.00112387
-0.07447321 0.07040203 -0.00294698
-0.06816082 0.06684422 -0.00482741
-0.05907741 0.06480539 -0.00778137
0.04180622 0.06762140 -0.00480467
0.04929825 0.06493662 -0.00113414
0.05432300 0.06417100 -0.00020888
-0.08171681 0.07882385 -0.00196938
-0.07798871 0.07574678 -0.00564623
0.04272489 0.07675086 -0.00471082
-0.08370351 0.08594481 -0.00351031
-0.08013634 0.08472555 -0.00790224
0.04316116 0.08529580 -0.00479582
-0.08386990 0.09441973 -0.00418353
-0.08034956 0.09554708 -0.00837072
0.04160003 0.09435537 -0.00493755
-0.08308533 0.10265820 -0.00292666
-0.07886202 0.10433061 -0.00713702
0.03504229 0.10694214 -0.00735003
0.03856591 0.10301487 -0.00447015
-0.08232324 0.11297929 -0.00143215
-0.07697274 0.11262333 -0.00526634
-0.07047309 0.11517259 -0.00838781
0.02619416 0.11599071 -0.00756748
0.03213989 0.11279367 -0.00467828
0.03657712 0.10850760 -0.00202755
-0.08466546 0.12160029 -0.00267723
-0.07688305 0.12152532 -0.00676951
-0.06808235 0.12185356 -0.00875876
-0.05879300 0.12370455 -0.00810513
-0.05037662 0.12496883 -0.00767579
-0.03929870 0.12501337 -0.00709303
-0.03183277 0.12335403 -0.00481118
-0.02240235 0.12340225 -0.00480894
-0.01471121 0.12392391 -0.00636542
-0.00420184 0.12534294 -0.00812298
0.00453836 0.12531751 -0.00798973
0.01445656 0.12414726 -0.00632425
0.02251686 0.12119000 -0.00430459
0.02851458 0.11819122 -0.00225314
-0.08419707 0.12982441 -0.00260610
-0.07694308 0.13031718 -0.00667645
-0.06755293 0.13081345 -0.00853692
-0.05829626 0.13050602 -0.00657566
-0.04982765 0.12939626 -0.00348544
-0.04091121 0.12701993 -0.00303854
-0.03511940 0.12632549 -0.00040467
-0.01210044 0.12695339 -0.00259462
-0.00455057 0.12775308 -0.00400607
0.00454475 0.12798029 -0.00376668
0.01246274 0.12726055 -0.00246215
0.01809050 0.12620001 -0.00001261
-0.08202953 0.13812482 -0.00138176
-0.07689412 0.13931146 -0.00539851
-0.06720950 0.13882864 -0.00787319
-0.05835420 0.13941945 -0.00455825
-0.05291201 0.13839984 -0.00105668
-0.07739096 0.14864536 -0.00487337
-0.06354862 0.15150179 -0.00456432
-0.05961375 0.14794037 -0.00336323
-0.04940336 0.14844245 -0.00283380
-0.04075280 0.15023734 -0.00409160
-0.03440429 0.15221038 -0.00325271
-0.07525466 0.15645601 -0.00509542
-0.06762562 0.15651488 -0.00470166
-0.05549742 0.15563206 -0.00144570
-0.04940046 0.15734048 -0.00556350
-0.04087983 0.15422456 -0.00820768
-0.03042597 0.15564233 -0.00408367
-0.02330582 0.15839580 -0.00466561
-0.01724930 0.16077949 -0.00753226
-0.04788463 0.16562611 -0.00446922
-0.04127063 0.16716354 -0.00419399
-0.03193660 0.16626614 -0.00452259
-0.02350338 0.16371433 -0.00715889
-0.01660317 0.16254033 -0.00835364
-0.03979595 0.17313115 -0.00462398
-0.03141014 0.17518619 -0.00511007
-0.02660493 0.17816967 -0.00812175
-0.02827024 0.18063979 -0.00789612
-0.02615357 0.18072051 -0.00821761
-0.07242073 0.03528811 0.00493010
-0.06774768 0.03379188 0.00451495
-0.05846802 0.03351214 0.00450242
-0.04947733 0.03375709 0.00474218
-0.04107629 0.03397553 0.00526989
-0.03478312 0.03373334 0.00732237
-0.00046391 0.03554213 0.00789247
0.00437535 0.03445579 0.00451547
0.01365129 0.03467279 0.00237252
0.02201341 0.03483236 0.00465837
0.02937369 0.03527941 0.00600601
-0.07240913 0.03690854 0.00479210
-0.06944503 0.04168778 0.00446713
-0.02891578 0.03817491 0.00349961
-0.02257997 0.03825579 0.00443580
-0.01359504 0.03843778 0.00455993
-0.00464235 0.03841865 0.00457464
0.00232564 0.03707270 0.00251945
0.01367612 0.03613043 0.00405097
0.02371583 0.03643580 0.00204574
0.03245473 0.03695577 0.00313712
0.04046685 0.03969238 0.00448976
0.04760499 0.04356025 0.00514237
-0.06428710 0.04573977 0.00393300
-0.05806895 0.05006928 0.00486943
0.05187223 0.04773905 0.00341245
0.05600756 0.05180747 0.00492392
-0.06650089 0.06132565 0.00498998
-0.05855552 0.05775917 0.00454716
0.05800478 0.05862088 0.00417412
-0.07585768 0.06816006 0.00511636
-0.07023490 0.06393385 0.00256111
0.04429322 0.06938520 0.00080781
0.04977967 0.06950409 0.00286375
0.05735233 0.06740268 0.00474386
-0.08347546 0.07733712 0.00486982
-0.08021956 0.07324021 0.00338088
0.04461971 0.07373183 0.00053753
0.04682625 0.07616834 0.00515819
0.05504903 0.07223480 0.00788875
-0.08669434 0.08546419 0.00435656
0.04477482 0.08487276 0.00075260
0.04565943 0.08560461 0.00487407
-0.08752518 0.09425239 0.00455015
0.04405806 0.09570649 0.00342881
0.04538082 0.09187376 0.00591016
-0.08610104 0.10353992 0.00439509
0.04112035 0.10380927 0.00411267
-0.09070613 0.11539160 0.00751734
-0.08578179 0.11204837 0.00397934
0.03419085 0.11468105 0.00427418
0.03749543 0.11005429 0.00445699
-0.09117045 0.12129730 0.00670563
-0.08864819 0.12130092 0.00222944
-0.02980738 0.12532221 0.00383779
-0.02474677 0.12547523 0.00324745
0.02369150 0.12388630 0.00405287
0.02966700 0.11947624 0.00485651
-0.09083252 0.13003960 0.00714522
-0.08814169 0.13094173 0.00270827
-0.04721132 0.13187151 0.00399042
-0.04062637 0.12845580 0.00438952
-0.03390661 0.12681207 0.00530263
-0.02082646 0.12682670 0.00534462
-0.01349017 0.12851553 0.00434881
-0.00432487 0.13027777 0.00424573
0.00463173 0.13081546 0.00415922
0.01365658 0.12911415 0.00425842
0.01958182 0.12671165 0.00526878
-0.08585428 0.13952394 0.00436649
-0.04993210 0.13939300 0.00416953
-0.08395497 0.14829706 0.00483436
-0.07976001 0.15137900 0.00118412
-0.06345060 0.15272000 0.00002245
-0.06145650 0.15245067 0.00026533
-0.04705624 0.14635377 0.00510996
-0.04166307 0.14981534 0.00381062
-0.03536810 0.15215051 0.00042236
-0.08185613 0.15356500 0.00827602
-0.07580942 0.15487263 0.00474179
-0.06741152 0.15518813 0.00449245
-0.05821640 0.15746799 0.00414563
-0.04846212 0.15879056 0.00769936
-0.04059440 0.15726320 0.00460305
-0.03261111 0.15731429 0.00178524
-0.04898747 0.16453743 0.00331066
-0.04078845 0.16615576 0.00274034
-0.03850090 0.17115301 0.00061119
-0.03549980 0.17123000 0.00017439
-0.06666477 0.03463113 0.01271414
-0.05860479 0.03367496 0.01360864
-0.05222194 0.03404494 0.01178422
-0.03791792 0.03488434 0.01055145
-0.03329484 0.03414870 0.01401344
-0.00056997 0.03543171 0.01334816
0.00304132 0.03432826 0.01394129
0.02431113 0.03495017 0.01333778
0.03015685 0.03514674 0.01278353
-0.06660052 0.03987406 0.01235780
-0.05979075 0.04277750 0.01525875
-0.05345315 0.04487040 0.01720195
-0.03816037 0.03619473 0.01172577
-0.02731800 0.03786130 0.01303844
-0.02245737 0.03805773 0.01357142
-0.01352773 0.03829984 0.01357279
-0.00462171 0.03792300 0.01375926
0.02185958 0.03622898 0.01421986
0.03443489 0.03657701 0.01504469
0.04039364 0.03895088 0.01376304
0.04833188 0.04304767 0.01330799
-0.05642145 0.04805224 0.01116589
-0.05167268 0.04993111 0.01476446
0.05270275 0.04624724 0.01320654
0.05683492 0.05086361 0.01318838
-0.06739000 0.06080263 0.01356617
-0.05890282 0.05778182 0.01292485
-0.05201408 0.05505258 0.01390161
0.06015431 0.05882234 0.01316681
-0.07631037 0.06769506 0.01368433
-0.07163750 0.06327625 0.01431162
0.05975856 0.06792868 0.01330090
-0.08380309 0.07704679 0.01376571
-0.08088566 0.07207584 0.01304385
0.04822811 0.07574611 0.01332392
0.05558126 0.07284418 0.01356171
-0.08764043 0.08541462 0.01347574
0.04581368 0.08551379 0.01316878
-0.08942303 0.09427141 0.01343011
0.04425047 0.09609188 0.01356513
0.04532852 0.09153461 0.01235210
-0.08801965 0.10367699 0.01337940
0.04148588 0.10356003 0.01316261
-0.09178229 0.11449096 0.01388277
-0.08785399 0.11063486 0.01333404
0.03431815 0.11505698 0.01352086
0.03780775 0.11023454 0.01340152
-0.09344527 0.12142331 0.01328499
-0.02903499 0.12563135 0.01394709
-0.02570725 0.12574163 0.01498575
0.02449757 0.12435903 0.01350304
0.02989611 0.11992756 0.01359435
-0.09238508 0.13027252 0.01323873
-0.04631877 0.13298137 0.01334202
-0.04075458 0.12847437 0.01347388
-0.03338354 0.12677942 0.01323847
-0.02167566 0.12708417 0.01311316
-0.01337168 0.12930736 0.01354421
-0.00434682 0.13093953 0.01362826
0.00473673 0.13155907 0.01359937
0.01365149 0.12978733 0.01347537
0.01998408 0.12706532 0.01356457
-0.09072413 0.13860543 0.01526097
-0.08872948 0.13971449 0.01132000
-0.04908414 0.13914904 0.01356103
-0.09085739 0.14760984 0.01499567
-0.08824528 0.14965072 0.01198395
-0.05061923 0.14896478 0.01332481
-0.08340786 0.15401936 0.01427872
-0.07632209 0.15568642 0.01363597
-0.06754453 0.15607558 0.01354186
-0.05831785 0.15563245 0.01364143
-0.05063685 0.15528631 0.01078512
-0.06394297 0.03508711 0.02349842
-0.05873082 0.03410695 0.02222129
-0.05238093 0.03376629 0.02415134
-0.03879609 0.03462395 0.02447980
-0.03313451 0.03433017 0.02202224
0.00546824 0.03491614 0.02152380
0.01292488 0.03469564 0.02351485
0.02239009 0.03508498 0.02203363
0.02870782 0.03559740 0.01873356
-0.06421015 0.03911591 0.02595251
-0.05937628 0.04120102 0.02190538
-0.05321097 0.04482528 0.02018248
-0.02836988 0.03761293 0.02332039
-0.02251965 0.03811293 0.02259733
-0.01356726 0.03836437 0.02260527
-0.00436279 0.03845028 0.02239059
0.00294300 0.03757386 0.02408826
0.02473496 0.03668217 0.02458285
0.03174515 0.03789784 0.02297917
0.04056086 0.04102763 0.02273401
0.04701587 0.04364901 0.02127422
-0.05598721 0.04600972 0.02555240
-0.05189440 0.04988104 0.02238516
0.05085447 0.04794101 0.02369334
0.05596370 0.05183461 0.02136212
-0.06597049 0.06178474 0.02108297
-0.05892307 0.06020845 0.02255269
-0.05215532 0.05621976 0.02315841
0.05795110 0.05873671 0.02244162
-0.07547003 0.06886274 0.02200459
-0.06916587 0.06477473 0.02393775
-0.06289160 0.06310160 0.02689010
0.04377923 0.06915075 0.02581932
0.04953521 0.06954549 0.02401983
0.05751314 0.06720660 0.02203724
-0.08307685 0.07808529 0.02181574
-0.07960673 0.07394942 0.02328412
0.04422156 0.07612538 0.02485230
0.04723035 0.07613340 0.02033842
0.05512948 0.07242255 0.01909018
-0.08633503 0.08560138 0.02267239
0.04423951 0.08590300 0.02430108
0.04536036 0.08495263 0.01988762
-0.08842901 0.09431884 0.02238945
0.04337895 0.09450094 0.02216165
-0.08635128 0.10348191 0.02272391
0.04006362 0.10362471 0.02246976
-0.09147240 0.11501842 0.02162067
-0.08697603 0.11157086 0.02288631
0.03394445 0.11413860 0.02295910
0.03724490 0.10956730 0.02217817
-0.09394038 0.12147329 0.02228577
-0.04591426 0.12393809 0.02566634
-0.04055953 0.12422551 0.02363007
-0.03153577 0.12345708 0.02267432
-0.02333526 0.12405590 0.02290412
-0.01724460 0.12540300 0.02567017
0.01724440 0.12591700 0.02602580
0.02334160 0.12377617 0.02312934
0.02948971 0.11935558 0.02219987
-0.09279960 0.13033842 0.02223889
-0.04723614 0.13131006 0.02312492
-0.04112812 0.12700063 0.01928358
-0.03433860 0.12614566 0.01853567
-0.01965833 0.12667356 0.01989774
-0.01326705 0.12817450 0.02228345
-0.00441894 0.12992778 0.02265534
0.00462258 0.13035218 0.02251263
0.01355883 0.12866825 0.02247667
0.01944968 0.12665123 0.02046319
-0.09086839 0.13976768 0.02159446
-0.08950157 0.13730967 0.02511361
-0.05141282 0.13923454 0.02251888
-0.09116218 0.14707036 0.02216512
-0.08779922 0.15144967 0.02309943
-0.05424583 0.14965515 0.02548010
-0.05313823 0.14845601 0.02170951
-0.08294877 0.15401942 0.02197029
-0.07648915 0.15550999 0.02253370
-0.06761299 0.15609261 0.02264829
-0.05859268 0.15496616 0.02233658
-0.05399790 0.15316799 0.01868150
-0.06511592 0.03482784 0.03185616
-0.05837227 0.03432563 0.03146749
-0.04927522 0.03438629 0.03144492
-0.04041784 0.03435333 0.03138866
-0.03421723 0.03488377 0.03040027
0.01384713 0.03497346 0.03135587
0.01969468 0.03531447 0.03060855
-0.06514230 0.04085530 0.03212794
-0.06226226 0.04412050 0.02888064
-0.02939099 0.03811654 0.03124534
-0.02232525 0.03858389 0.03149302
-0.01325030 0.03881471 0.03161739
-0.00439099 0.03902236 0.03156557
0.00470668 0.03888706 0.03062682
0.00982628 0.03699919 0.03083796
0.02433808 0.03870391 0.03240589
0.03071632 0.04226447 0.02994693
0.03863380 0.04350645 0.02865619
-0.05885453 0.04689696 0.03182621
-0.05181727 0.05105450 0.03193100
0.03278827 0.04904945 0.03278519
0.04067804 0.04886926 0.03137032
0.04785479 0.05076708 0.02943970
-0.05737548 0.06249584 0.02865251
-0.05084557 0.05868264 0.03189392
0.03498353 0.05615036 0.03499162
0.04013658 0.05836991 0.03171728
0.04979342 0.05857864 0.03014325
0.05472273 0.05951638 0.02746556
-0.07382406 0.07057988 0.02935590
-0.06737329 0.06787557 0.03152428
-0.05901472 0.06516556 0.03265886
-0.05212843 0.06466010 0.03448451
0.04042391 0.06699044 0.03130947
0.04982790 0.06494358 0.02825225
0.05460037 0.06399427 0.02732230
-0.08194788 0.07934510 0.02856492
-0.07694535 0.07649519 0.03207931
-0.07121190 0.07283600 0.03514688
0.04070484 0.07658964 0.03160262
-0.08313071 0.08596355 0.03007003
-0.07981669 0.08528989 0.03450922
0.04074740 0.08554901 0.03152221
-0.08376827 0.09456542 0.03027403
-0.07962704 0.09464905 0.03476180
0.03568530 0.09812465 0.03509560
0.03952271 0.09423793 0.03122029
-0.08289453 0.10275932 0.02916109
-0.07871599 0.10379951 0.03330903
0.03361270 0.10439605 0.03342665
0.03770133 0.10226855 0.02944853
-0.09106809 0.11540031 0.03243368
-0.08540088 0.11171908 0.03117245
-0.07956225 0.10877891 0.03375188
-0.05549205 0.11410520 0.03555413
-0.04981808 0.11476818 0.03416271
-0.04041274 0.11449810 0.03397852
-0.03162042 0.11464035 0.03379966
-0.02468759 0.11566377 0.03443813
0.02387779 0.11494864 0.03426063
0.03095054 0.11219537 0.03089580
-0.09255023 0.12150099 0.03128445
-0.05407180 0.11833300 0.03577080
-0.04944813 0.12156834 0.03163446
-0.04012787 0.11990748 0.02948406
-0.03155986 0.11938817 0.02950338
-0.02194516 0.12059537 0.03085693
-0.01378871 0.12308921 0.03202595
-0.00444402 0.12388856 0.03384709
0.00494741 0.12374040 0.03378981
0.01385063 0.12242831 0.03278386
0.02206618 0.12056448 0.03062875
0.02842168 0.11770717 0.02825665
-0.09143569 0.12993431 0.03104957
-0.08984756 0.13379534 0.03271561
-0.05543271 0.13232061 0.03497774
-0.05080415 0.13026662 0.03114240
-0.01070631 0.12661172 0.02832373
-0.00403103 0.12734842 0.02925516
0.00446179 0.12741731 0.02924218
0.01179672 0.12703666 0.02853320
-0.09044676 0.14215919 0.02776782
-0.08942293 0.13901381 0.03150220
-0.05748960 0.13973233 0.03245388
-0.05292664 0.13731082 0.02849695
-0.09034979 0.14485632 0.02778777
-0.08602068 0.14848585 0.03134296
-0.07717922 0.15195391 0.03410234
-0.06732607 0.15237801 0.03517140
-0.05748801 0.14920895 0.03171706
-0.08172490 0.15319200 0.02796500
-0.07578114 0.15405595 0.02978728
-0.06741470 0.15436140 0.03061834
-0.05994441 0.15396403 0.02971042
-0.06442698 0.03510023 0.03901812
-0.05858953 0.03459721 0.04067287
-0.04956886 0.03469862 0.04084751
-0.04052397 0.03484569 0.04032198
-0.03244390 0.03463406 0.04142028
-0.02269219 0.03481811 0.04411273
-0.01286080 0.03482216 0.04374040
-0.00419381 0.03474299 0.04255053
0.00506957 0.03476518 0.04129349
0.01311006 0.03498589 0.04007532
0.01873773 0.03561557 0.03771337
-0.06459872 0.03938532 0.03911663
-0.06088436 0.04185679 0.04300204
-0.04809388 0.04199123 0.04427115
-0.04034735 0.04058449 0.04311708
-0.03203240 0.04169460 0.04016045
-0.02253116 0.03906929 0.03782995
-0.01441174 0.03929183 0.03784530
-0.00659247 0.03939003 0.03685733
0.01429226 0.04053644 0.04417670
0.02200238 0.04141830 0.04011477
0.02754110 0.04488100 0.03602620
-0.05749881 0.04693466 0.03986103
-0.04907060 0.04852594 0.03953500
-0.04043359 0.04919494 0.03983289
-0.03219330 0.05014236 0.04024834
-0.02441059 0.05233891 0.04197069
0.01570231 0.04735312 0.04387510
0.02296131 0.04960091 0.04093817
0.02906745 0.05092524 0.03751830
-0.04659102 0.05876471 0.03764331
-0.04074451 0.05862967 0.04005404
-0.03134196 0.05817261 0.03782928
-0.02459398 0.05854533 0.04118645
0.02523532 0.05782482 0.04375540
0.03119988 0.05871992 0.03982883
0.03621965 0.06122185 0.03645480
-0.06511283 0.07087024 0.03666661
-0.05838554 0.06977551 0.03798060
-0.04899008 0.06837314 0.03887773
-0.04061256 0.06764489 0.04148296
-0.03143629 0.06757234 0.03985264
-0.02530818 0.06638682 0.04221943
0.02586073 0.06706251 0.04427613
0.03179824 0.06732618 0.04065324
0.03688617 0.06762332 0.03664320
-0.07355917 0.07903305 0.03739031
-0.06739865 0.07654973 0.03950562
-0.05852769 0.07638324 0.04222069
-0.04969384 0.07654646 0.04275499
-0.04049795 0.07689117 0.04258741
-0.03124494 0.07654869 0.04192931
-0.02647248 0.07271048 0.04383272
0.02640580 0.07315440 0.04462117
0.03192764 0.07677990 0.04193457
0.03675734 0.07676417 0.03734525
-0.07553808 0.08565602 0.03851040
-0.06783614 0.08536966 0.04292102
-0.05872906 0.08511188 0.04431219
-0.04816130 0.08442653 0.04434498
-0.04049395 0.08535361 0.04316042
-0.03242647 0.08527043 0.04306211
0.03218103 0.08547875 0.04192052
0.03678654 0.08583529 0.03723423
-0.07528401 0.09393187 0.03887928
-0.06775527 0.09440228 0.04247576
-0.05830445 0.09607802 0.04380154
-0.04949080 0.09457245 0.04385611
-0.04049057 0.09449515 0.04276561
-0.03171197 0.09467007 0.04423675
-0.02371557 0.09744841 0.04446393
0.02599189 0.09718956 0.04389431
0.03173557 0.09423388 0.04089944
0.03674979 0.09170221 0.03702156
-0.07428908 0.10307316 0.03730025
-0.06769069 0.10333067 0.03979080
-0.05849626 0.10360627 0.04144758
-0.04949750 0.10359130 0.04108171
-0.04048912 0.10356602 0.04049142
-0.03150045 0.10360097 0.04127421
-0.02244533 0.10362586 0.04298261
-0.01382431 0.10354699 0.04351246
-0.00429857 0.10402603 0.04398960
0.00405818 0.10482120 0.04306292
0.01354129 0.10581907 0.04325744
0.02296307 0.10391630 0.04163413
0.02971097 0.10259246 0.03822738
-0.09117572 0.11534605 0.03966692
-0.08580827 0.11195126 0.04093158
-0.07677483 0.10954452 0.04092714
-0.06730887 0.11096432 0.03994310
-0.05914735 0.11275508 0.03772309
-0.04949927 0.10980422 0.03802326
-0.04060097 0.10974801 0.03748524
-0.03136441 0.10988556 0.03755108
-0.02194971 0.11186650 0.03885445
-0.01349242 0.11274800 0.04047313
-0.00449360 0.11279444 0.04168563
0.00477973 0.11259961 0.04083629
0.01330343 0.11279027 0.03865324
0.02167780 0.11100897 0.03771312
0.02792073 0.10921234 0.03645064
-0.09230796 0.12155622 0.04048785
-0.06350265 0.11705450 0.04428085
-0.05866769 0.12195933 0.04061809
-0.05342345 0.12265000 0.03648717
-0.01224661 0.11912861 0.03701034
-0.00449367 0.11968117 0.03778102
0.00424431 0.11955404 0.03732936
0.01143649 0.11849340 0.03650466
-0.09087757 0.12935397 0.03903473
-0.08905286 0.13161054 0.04237809
-0.06461857 0.13136816 0.04275774
-0.05921367 0.12992926 0.03890133
-0.05387600 0.12691900 0.03612360
-0.08688513 0.13944450 0.04050980
-0.08017113 0.14299534 0.04446624
-0.06577948 0.13989422 0.04150090
-0.06181040 0.14000206 0.03680623
-0.08327306 0.14612429 0.03849614
-0.07653663 0.14764220 0.04069976
-0.06792380 0.14814703 0.03967404
-0.06147014 0.14767389 0.03688678
-0.05685674 0.03554951 0.04578933
-0.05026508 0.03571135 0.04561430
-0.03085035 0.03514476 0.04839443
-0.02280754 0.03500991 0.04931546
-0.01378783 0.03501187 0.04815072
-0.00491230 0.03513125 0.04679103
0.00264484 0.03549296 0.04575203
-0.05708168 0.03966022 0.04624000
-0.05064104 0.03879811 0.04599091
-0.03662528 0.03809433 0.04554516
-0.03180724 0.04031157 0.05008314
-0.02157186 0.04143360 0.05316562
-0.01333428 0.04084380 0.05073996
-0.00446858 0.04077472 0.04790693
0.00429072 0.04069803 0.04588618
0.00985046 0.04030579 0.04511398
-0.02940104 0.04713278 0.04750882
-0.02197286 0.04865972 0.04904576
-0.01350036 0.04944772 0.04937355
-0.00484994 0.04918927 0.05042714
0.00457439 0.04958585 0.05105483
0.01264185 0.05044968 0.04815490
0.01987018 0.05301620 0.04613537
-0.02012322 0.05881276 0.04772815
-0.01435772 0.05800870 0.05201866
-0.00622797 0.05591066 0.05355466
0.00593152 0.05662305 0.05331186
0.01327660 0.05813517 0.05087685
0.02109845 0.05882558 0.04733922
-0.02143959 0.06775124 0.04927604
-0.01598431 0.06550668 0.05335284
0.01454477 0.06675798 0.05218729
0.02141448 0.06746913 0.04787622
-0.02770637 0.07934900 0.04673708
-0.02419248 0.07567956 0.05024565
0.01572979 0.07641037 0.05317097
0.02241206 0.07690024 0.04952532
0.02746544 0.07868604 0.04569034
-0.06348310 0.08831885 0.04513410
-0.05793050 0.08630469 0.04518436
-0.05083144 0.08653355 0.04532767
-0.02800164 0.08540508 0.04719824
-0.02520443 0.08606943 0.05175456
0.01501023 0.08538333 0.05218329
0.02230908 0.08575565 0.04887147
0.02743696 0.08503942 0.04573882
-0.06348530 0.09042160 0.04510020
-0.05887796 0.09164663 0.04525198
-0.02796558 0.09276705 0.04545474
-0.02247908 0.09342257 0.04926261
-0.01428407 0.09692616 0.05080578
-0.00433973 0.09763760 0.05245482
0.00485134 0.09645522 0.05166553
0.01386113 0.09372297 0.05033122
0.02224557 0.09419423 0.04688323
0.02739600 0.09023290 0.04502020
-0.01068636 0.09971821 0.04757138
-0.00387584 0.10020331 0.04783383
0.00447660 0.10045213 0.04720047
0.01357917 0.10123821 0.04696466
0.02001666 0.10067114 0.04573647
-0.08490163 0.11476209 0.04660594
-0.07640413 0.11367235 0.04853602
-0.06891844 0.11398108 0.04837868
-0.09051313 0.12091625 0.04506182
-0.08584188 0.12175722 0.04827319
-0.07680208 0.12091509 0.05203661
-0.06685624 0.12139818 0.05035496
-0.08474315 0.13036688 0.04911674
-0.07622729 0.13036191 0.05228271
-0.06851383 0.13003527 0.04877375
-0.08342668 0.13702057 0.04699166
-0.07650669 0.13908663 0.04826188
-0.07003231 0.13854620 0.04683493
-0.07449520 0.14418399 0.04502160
-0.02447564 0.03871326 0.05412903
-0.00166296 0.05300145 0.05439897
0.00049715 0.05345770 0.05411630
-0.01121532 0.06099151 0.05481465
-0.00405481 0.05899531 0.05502409
0.00336833 0.05985530 0.05528472
0.00946449 0.06169230 0.05401260
-0.01850510 0.07114380 0.05402170
-0.01266810 0.06822375 0.05497876
-0.00449869 0.06756257 0.05666130
0.00467271 0.06732602 0.05594711
0.01040408 0.06848370 0.05459680
-0.02020703 0.07736628 0.05519399
-0.01349801 0.07659645 0.05670460
-0.00449948 0.07670816 0.05816387
0.00451418 0.07657715 0.05648670
0.01143734 0.07664224 0.05479575
-0.02109556 0.08480740 0.05582726
-0.01349770 0.08564601 0.05710720
-0.00449666 0.08565345 0.05716754
0.00467068 0.08543793 0.05642972
0.01045836 0.08622716 0.05475546
-0.01913994 0.09102772 0.05463298
-0.01304507 0.09274412 0.05555050
-0.00449689 0.09321744 0.05568276
0.00328467 0.09259055 0.05483116
