-0.06548574 0.15959561 -0.05644406
-0.06569292 0.16375388 -0.05828504
-0.06222635 0.16513702 -0.05868275
-0.06642194 0.17179866 -0.05866401
-0.06174657 0.17221834 -0.05994574
-0.06736966 0.17939146 -0.05835940
-0.06284276 0.17765318 -0.05934451
-0.06757301 0.15655205 -0.05143197
-0.06362382 0.15948780 -0.05119777
-0.06891363 0.16385955 -0.05237104
-0.06234371 0.16450049 -0.05219647
-0.07392294 0.17323560 -0.04970745
-0.06859624 0.17180635 -0.05169439
-0.06261124 0.17189179 -0.05278886
-0.07497568 0.17870246 -0.05146770
-0.06856719 0.17887661 -0.05264348
-0.06337380 0.17657200 -0.05555320
-0.07234561 0.15029067 -0.04134920
-0.06946631 0.15092610 -0.04298353
-0.07216330 0.15293549 -0.04161137
-0.06868635 0.15556911 -0.04451459
-0.06324623 0.15860400 -0.04353130
-0.07338160 0.16602869 -0.04229077
-0.07115017 0.16303140 -0.04525631
-0.06259299 0.16467415 -0.04410679
-0.07658486 0.17292006 -0.04370969
-0.06744485 0.17267026 -0.04373329
-0.06364490 0.16953114 -0.04573020
-0.07457609 0.17723885 -0.04593407
-0.07053318 0.17672966 -0.04681677
-0.01781114 0.05456821 -0.03277262
-0.01201876 0.05389384 -0.03329788
-0.00539912 0.05446877 -0.03267352
-0.02467203 0.06288920 -0.03259267
-0.02001092 0.06019018 -0.03432137
-0.01219987 0.05992654 -0.03530446
-0.00419254 0.05985302 -0.03405810
0.00231163 0.06041520 -0.03282379
-0.02639505 0.06899108 -0.03403872
-0.02017817 0.06786932 -0.03721928
-0.01222974 0.06782695 -0.03716080
-0.00422703 0.06770621 -0.03523930
0.00364393 0.06775137 -0.03350543
0.00925521 0.06988725 -0.03240275
-0.02779225 0.07630050 -0.03541760
-0.02028692 0.07636850 -0.03875799
-0.01227202 0.07636424 -0.03829753
-0.00426493 0.07626773 -0.03670540
0.00373604 0.07615522 -0.03477554
0.00924232 0.07603586 -0.03299733
-0.02785534 0.08380253 -0.03529209
-0.02031712 0.08409004 -0.03853998
-0.01207682 0.08440529 -0.03849087
-0.00430466 0.08404823 -0.03717249
0.00370625 0.08386546 -0.03427916
0.00876012 0.08388462 -0.03248771
-0.02609597 0.08981482 -0.03403265
-0.01999192 0.09125342 -0.03549873
-0.01215560 0.09211851 -0.03551428
-0.00412672 0.09174406 -0.03476803
0.00347722 0.09062941 -0.03320342
0.00885847 0.08870540 -0.03204190
-0.01157760 0.09626250 -0.03200700
-0.07302105 0.15004852 -0.03603603
-0.06824286 0.14952995 -0.03587031
-0.06359740 0.15192699 -0.03244880
-0.07268388 0.15598190 -0.03602604
-0.06796425 0.15500329 -0.03884233
-0.06262212 0.15663330 -0.03586067
-0.07539178 0.16385663 -0.03639229
-0.06448647 0.16744886 -0.03511228
-0.06274001 0.16427255 -0.03624106
-0.07661609 0.17094792 -0.03653632
-0.06819532 0.17083722 -0.03610657
-0.04230325 0.03599658 -0.02632501
-0.03601832 0.03556913 -0.02851382
-0.02807535 0.03587829 -0.02847202
-0.02024174 0.03640348 -0.02741730
-0.01221368 0.03657110 -0.02584504
-0.00447765 0.03719785 -0.02505178
0.00266076 0.03779491 -0.02443704
-0.04103488 0.04089425 -0.02504238
-0.03560336 0.04342706 -0.02721699
-0.02809561 0.04439178 -0.02797176
-0.02030402 0.04402883 -0.02818173
-0.01211548 0.04358756 -0.02745729
-0.00411327 0.04355243 -0.02678445
0.00368658 0.04400507 -0.02562056
0.01177462 0.04569496 -0.02525119
0.01639010 0.04769810 -0.02405120
-0.02632964 0.05224711 -0.02619945
-0.02047772 0.05145411 -0.02995508
-0.01233436 0.04951793 -0.03101172
-0.00358813 0.05067773 -0.03094519
0.00371454 0.05191788 -0.03000611
0.01185528 0.05236588 -0.02854243
0.01915377 0.05287637 -0.02628007
-0.02748292 0.06003166 -0.02771116
-0.02294210 0.05707295 -0.03130520
0.00577556 0.05934915 -0.03110204
0.01182338 0.06026145 -0.02985899
0.02011627 0.06005931 -0.02694957
0.02438376 0.06046651 -0.02450470
-0.03222940 0.07081540 -0.02447220
-0.02986540 0.06782074 -0.02814553
0.01222134 0.06783374 -0.03095914
0.01978608 0.06792117 -0.02812137
0.02489904 0.07033072 -0.02488912
-0.03313476 0.07647822 -0.02699563
-0.03135400 0.07433193 -0.03016462
0.01324982 0.07588072 -0.03082387
0.01975122 0.07566062 -0.02769730
0.02529259 0.07637340 -0.02488117
-0.03324906 0.08372403 -0.02671193
-0.03088864 0.08560774 -0.02995491
0.01268156 0.08455097 -0.03067814
0.01993719 0.08410029 -0.02701143
0.02484594 0.08249326 -0.02462794
-0.03407438 0.09022108 -0.02434038
-0.02833507 0.09232556 -0.02724445
-0.02101319 0.09526657 -0.02970485
-0.01488410 0.09598870 -0.03173900
-0.00122368 0.09585407 -0.03151620
0.00513406 0.09452628 -0.03070513
0.01216128 0.09240464 -0.02846600
0.01867987 0.09086493 -0.02550319
-0.02597833 0.09779585 -0.02427580
-0.01972072 0.09795274 -0.02559354
-0.01155794 0.09830023 -0.02758279
-0.00427815 0.09796341 -0.02829092
0.00346352 0.09747534 -0.02688499
0.01019660 0.09671117 -0.02520349
-0.07393306 0.14942962 -0.02789333
-0.06764717 0.14782102 -0.02820591
-0.06322463 0.15051386 -0.02707250
-0.07408246 0.15616542 -0.02841382
-0.06194827 0.15536037 -0.02822040
-0.07768994 0.16436006 -0.02816636
-0.06576159 0.16651399 -0.02744513
-0.06264786 0.16237344 -0.02819770
-0.07470729 0.16948855 -0.02890716
-0.06956951 0.16951928 -0.02851253
-0.01670897 0.17493400 -0.02464205
-0.01081096 0.17312057 -0.02657875
-0.01727458 0.18008347 -0.02518141
-0.01183815 0.17997727 -0.02757487
-0.01693895 0.18508101 -0.02449705
-0.01437409 0.18499781 -0.02564111
-0.04462096 0.03572774 -0.01975049
-0.03582723 0.03443420 -0.01969683
-0.02803257 0.03580038 -0.01973723
-0.02001575 0.03559567 -0.01960506
-0.01189644 0.03510620 -0.01927556
-0.00409306 0.03449902 -0.01956700
0.00402802 0.03485126 -0.02017797
0.01162603 0.03617962 -0.02059868
0.01776203 0.03843144 -0.01839928
-0.04270773 0.04321291 -0.01948437
-0.03746952 0.04686451 -0.02032208
0.00660220 0.04100818 -0.02377126
0.01211639 0.04124861 -0.02333065
0.01952170 0.04437770 -0.02080504
0.02597160 0.04757268 -0.01739768
-0.03386479 0.04860284 -0.01871159
-0.02982413 0.05226860 -0.02019250
0.02175088 0.05007866 -0.02284785
0.02697164 0.05228074 -0.01970362
-0.03244708 0.06289372 -0.01709947
-0.03043033 0.05975091 -0.02031857
0.02779645 0.05995645 -0.02085807
0.03252374 0.06146605 -0.01716036
-0.04311357 0.06986713 -0.01678873
-0.03445108 0.06888042 -0.01874281
-0.03143356 0.06623718 -0.02232861
0.02806480 0.06789012 -0.02164414
0.03331770 0.06759495 -0.01727804
-0.06662864 0.07783437 -0.01698382
-0.06007800 0.07622087 -0.01811047
-0.05242675 0.07639297 -0.01855832
-0.04416493 0.07617519 -0.01852268
-0.03632375 0.07581617 -0.02018181
0.02951307 0.07604000 -0.02163906
0.03328768 0.07605024 -0.01777666
-0.06839290 0.08418532 -0.01752603
-0.06028923 0.08393843 -0.02004019
-0.05228243 0.08408086 -0.02147950
-0.04428073 0.08409099 -0.02115631
-0.03744975 0.08391203 -0.02222160
0.02846007 0.08407385 -0.02158111
0.03423576 0.08427106 -0.01813277
-0.06761266 0.09170517 -0.01725707
-0.06032541 0.09183785 -0.01985752
-0.05232234 0.09200764 -0.02190856
-0.04432618 0.09206488 -0.02225378
-0.03707747 0.09286065 -0.02343225
-0.03109750 0.09548017 -0.02382578
0.01585040 0.09597170 -0.02362780
0.02121246 0.09383114 -0.02300439
0.02810527 0.09195818 -0.02046073
0.03371027 0.09063710 -0.01740659
-0.06598406 0.09920085 -0.01674321
-0.06051889 0.09991664 -0.01869603
-0.05236781 0.09991427 -0.02136342
-0.04435055 0.09994948 -0.02157286
-0.03635745 0.10001872 -0.02209290
-0.02865162 0.10043364 -0.02332668
-0.02044577 0.10223901 -0.02364897
-0.01287207 0.10203516 -0.02369012
-0.00353026 0.10163128 -0.02327352
0.00408104 0.10122912 -0.02236893
0.01227207 0.10037543 -0.02232979
0.02003719 0.10029467 -0.02130283
0.02706616 0.09961285 -0.01809578
-0.05952124 0.10707787 -0.01742610
-0.05236865 0.10771200 -0.01877261
-0.04407403 0.10787521 -0.01932943
-0.03610126 0.10796201 -0.01964215
-0.02775971 0.10797517 -0.02057551
-0.01997487 0.10765123 -0.02158444
-0.01203846 0.10789643 -0.02163558
-0.00427796 0.10825649 -0.02187291
0.00352845 0.10808907 -0.02060637
0.01202129 0.10764854 -0.01927771
0.01913480 0.10682377 -0.01737771
0.02538660 0.10478625 -0.01648107
-0.05691560 0.11261700 -0.01626830
-0.05218216 0.11325571 -0.01663786
-0.04429245 0.11301886 -0.01657266
-0.03615795 0.11341912 -0.01703472
-0.02777565 0.11324937 -0.01688360
-0.01913775 0.11390220 -0.01774642
-0.01209271 0.11391779 -0.01766844
-0.00416263 0.11443877 -0.01803347
0.00386441 0.11545048 -0.01828666
0.01125736 0.11402389 -0.01733045
-0.07439999 0.14883786 -0.02010251
-0.06712896 0.14573045 -0.02009783
-0.06299912 0.14926687 -0.01974617
-0.07620900 0.15620650 -0.02041328
-0.06210816 0.15561813 -0.01992569
-0.07607039 0.16393493 -0.02050399
-0.06758671 0.16469163 -0.01981686
-0.06301603 0.16086338 -0.02153539
-0.03214010 0.16671000 -0.01603360
-0.02719087 0.16590288 -0.01680616
-0.01964370 0.16520379 -0.01772503
-0.01196413 0.16569045 -0.01921479
-0.07248910 0.16808100 -0.02285180
-0.07079710 0.16829200 -0.02371000
-0.03214755 0.16893899 -0.01615135
-0.02750304 0.17179866 -0.01814307
-0.01935503 0.17224997 -0.02029721
-0.01196821 0.17133322 -0.02067107
-0.02597865 0.17895994 -0.01776148
-0.01973136 0.18025044 -0.01971657
-0.01404081 0.17977226 -0.02185542
-0.01895862 0.18576320 -0.01934885
-0.01543175 0.18546325 -0.02218762
-0.06412150 0.03362590 -0.00810847
-0.05948488 0.03601443 -0.00941016
-0.05161345 0.03575023 -0.01146670
-0.04550783 0.03521573 -0.01259856
-0.03586358 0.03740309 -0.01202466
-0.02789121 0.03857549 -0.01193558
-0.02008129 0.03870152 -0.01209200
-0.01210168 0.03880368 -0.01234901
-0.00382574 0.03841573 -0.01275575
0.00418311 0.03743447 -0.01243647
0.01146886 0.03475451 -0.01188571
0.01849307 0.03655775 -0.01232063
-0.05779633 0.04086514 -0.00865400
-0.05150954 0.04304947 -0.00983267
-0.04458493 0.04489795 -0.01242009
-0.03894380 0.04774400 -0.01464550
0.02186576 0.04183635 -0.01246736
0.02656547 0.04588327 -0.01175541
-0.04960097 0.05178045 -0.00883881
-0.04405467 0.05187949 -0.01064599
-0.03616991 0.05138902 -0.01172379
-0.03125091 0.05312942 -0.01422816
0.03017190 0.05106824 -0.01295019
0.03350534 0.05426111 -0.01018009
-0.05084757 0.06005734 -0.01019155
-0.04415629 0.05997216 -0.01234849
-0.03576434 0.05994586 -0.01251947
-0.03159587 0.05767400 -0.01472730
0.03139265 0.05682895 -0.01528650
0.03573254 0.06022486 -0.01209742
-0.06695772 0.07025559 -0.01043145
-0.05988257 0.06845921 -0.01223402
-0.05218139 0.06782328 -0.01300538
-0.04485286 0.06698092 -0.01495122
-0.03744491 0.06642745 -0.01493312
0.03730401 0.06767561 -0.01274181
0.04039243 0.07008687 -0.00911798
-0.07454577 0.07730513 -0.01057536
-0.06890397 0.07496502 -0.01391726
-0.06270383 0.07224040 -0.01538033
-0.05022153 0.07232562 -0.01570870
-0.04769530 0.07236230 -0.01597210
0.03711605 0.07600536 -0.01293502
0.04032590 0.07593594 -0.00878354
-0.08018735 0.08614565 -0.00854986
-0.07602257 0.08412334 -0.01267844
-0.07172140 0.08072750 -0.01547130
0.03850640 0.08357929 -0.01384507
0.04082816 0.08414069 -0.01011100
-0.08053137 0.09189232 -0.00872763
-0.07642866 0.09177340 -0.01281752
-0.07149022 0.09343684 -0.01573275
0.03183520 0.09595810 -0.01557530
0.03693540 0.09234405 -0.01288721
0.04080960 0.09075253 -0.00940626
-0.08026510 0.09635630 -0.00854135
-0.07607043 0.09971622 -0.01134455
-0.06955028 0.10070258 -0.01483086
0.03069178 0.10141324 -0.01496654
0.03520712 0.09983987 -0.01160116
-0.07463372 0.10708836 -0.00944457
-0.06840548 0.10802660 -0.01255920
-0.06264340 0.10976564 -0.01509366
0.02188147 0.10946753 -0.01504127
0.02824642 0.10840544 -0.01256189
0.03354711 0.10627486 -0.00998615
-0.07289380 0.11577150 -0.00823706
-0.06807586 0.11578936 -0.00953812
-0.06027193 0.11616255 -0.01245461
-0.05223997 0.11720943 -0.01431854
-0.04391116 0.11729743 -0.01478911
-0.03590912 0.11733289 -0.01357980
-0.02815570 0.11744592 -0.01316377
-0.02025187 0.11781939 -0.01336899
-0.01213409 0.11818349 -0.01456093
-0.00430400 0.11837956 -0.01468328
0.00405968 0.11894666 -0.01520419
0.01275257 0.11778999 -0.01465738
0.01993560 0.11625131 -0.01220923
0.02625718 0.11392675 -0.00973063
-0.07360806 0.12467460 -0.00829090
-0.06841786 0.12383584 -0.00882893
-0.06103233 0.12318574 -0.00875249
-0.05189740 0.12219858 -0.01027783
-0.04404523 0.12285027 -0.01079176
-0.03669919 0.12180752 -0.00980889
-0.02801278 0.12084831 -0.00882072
-0.02001919 0.12112205 -0.00939807
-0.01144285 0.12182381 -0.01052438
-0.00386832 0.12272044 -0.01077828
0.00419535 0.12269764 -0.01116197
0.01151873 0.12221533 -0.01083206
0.01716814 0.12110725 -0.00901977
-0.07360087 0.12916316 -0.00835354
-0.06838060 0.13166198 -0.00858751
-0.06335994 0.12986401 -0.00831129
-0.07259458 0.14364979 -0.01144861
-0.06833021 0.14219023 -0.01064698
-0.06341229 0.14377300 -0.00895598
-0.07514625 0.14820367 -0.01228518
-0.06747741 0.14443550 -0.01488260
-0.06277549 0.14773344 -0.01193185
-0.07677204 0.15612200 -0.01227935
-0.06548878 0.15788880 -0.01071396
-0.06290831 0.15439014 -0.01265019
-0.04261341 0.15709732 -0.00929185
-0.03588989 0.15671514 -0.01063558
-0.02814755 0.15768985 -0.01094622
-0.01995615 0.15902261 -0.01005457
-0.07462162 0.16162591 -0.01274307
-0.06894168 0.16194889 -0.01258938
-0.04284323 0.16378734 -0.01013344
-0.03571736 0.16363406 -0.01389713
-0.02733577 0.16293451 -0.01378989
-0.01973604 0.16345300 -0.01213278
-0.01386045 0.16341294 -0.01304169
-0.04118867 0.16976950 -0.00983034
-0.03572113 0.17198771 -0.01297732
-0.02664961 0.17209992 -0.01053281
-0.02075345 0.17146663 -0.01392946
-0.01426240 0.16833466 -0.01555703
-0.03331681 0.17736080 -0.01089440
-0.02725207 0.18016908 -0.01152058
-0.02193586 0.18052162 -0.01321194
-0.02158196 0.18496875 -0.01412021
-0.06764944 0.03567754 -0.00404657
-0.06061723 0.03423050 -0.00452589
-0.05212395 0.03347659 -0.00409650
-0.04432976 0.03373534 -0.00391682
-0.03497431 0.03806085 -0.00442939
-0.02820901 0.03835790 -0.00398268
-0.02015158 0.03846971 -0.00404655
-0.01193469 0.03870772 -0.00395757
-0.00376921 0.03897313 -0.00394893
0.00401772 0.03756197 -0.00405627
0.01200156 0.03441583 -0.00395879
0.01986470 0.03605516 -0.00452132
0.02844803 0.03871828 -0.00220688
0.03449613 0.03929502 -0.00090442
-0.06632077 0.04211510 -0.00264200
-0.06024917 0.04421840 -0.00459702
-0.05424424 0.04641349 -0.00666981
0.02295580 0.04084836 -0.00733964
0.02818348 0.04347974 -0.00588960
0.03596796 0.04435272 -0.00452830
0.04320612 0.04561365 -0.00277700
0.04886190 0.04743600 -0.00062095
-0.05676245 0.05128179 -0.00123560
-0.05376278 0.05226037 -0.00559909
0.03110797 0.04907707 -0.00757702
0.03628387 0.05171557 -0.00675639
0.04393541 0.05184434 -0.00593425
0.05062473 0.05237005 -0.00281337
-0.06580245 0.06274121 -0.00203630
-0.05889271 0.06055317 -0.00265520
-0.05489736 0.05874789 -0.00574650
0.03879495 0.05925995 -0.00630164
0.04384023 0.05990832 -0.00429325
0.05190349 0.05978497 -0.00293633
-0.07447322 0.07040203 -0.00294698
-0.06867868 0.06705455 -0.00459226
-0.06122119 0.06476025 -0.00701757
0.04260039 0.06794036 -0.00384592
0.05098956 0.06524395 -0.00092325
-0.08107034 0.07759740 -0.00257764
-0.07789864 0.07521493 -0.00542492
0.04299868 0.07605907 -0.00419822
-0.08285342 0.08381911 -0.00383044
-0.07944580 0.08134810 -0.00752304
0.04329426 0.08390263 -0.00429415
-0.08408770 0.09184030 -0.00406874
0.03931280 0.09559640 -0.00780286
0.04249404 0.09236453 -0.00438216
-0.08313035 0.09981664 -0.00385909
-0.07961893 0.10179500 -0.00757511
0.03868680 0.10147551 -0.00589485
0.04114865 0.09929584 -0.00266630
-0.08167771 0.10732728 -0.00237128
-0.07763028 0.10876344 -0.00598662
0.03587241 0.10810296 -0.00394922
-0.08306421 0.11676282 -0.00211440
-0.07643516 0.11577673 -0.00580105
-0.07186880 0.11574000 -0.00776597
0.02316323 0.11920000 -0.00712501
0.02843512 0.11669593 -0.00450818
0.03324667 0.11336014 -0.00237808
-0.08433965 0.12401185 -0.00326912
-0.07732215 0.12342907 -0.00689671
-0.05783572 0.12523177 -0.00744273
-0.05205822 0.12609711 -0.00615194
-0.04342441 0.12691733 -0.00449227
-0.03598110 0.12512726 -0.00417184
-0.02813822 0.12320311 -0.00394763
-0.02000230 0.12406968 -0.00428431
-0.01255188 0.12567067 -0.00466366
-0.00398994 0.12683208 -0.00596135
0.00391053 0.12678283 -0.00587195
0.01245464 0.12586141 -0.00484418
0.02002076 0.12310345 -0.00367844
0.02549409 0.12065621 -0.00187591
-0.08333502 0.13135184 -0.00269137
-0.07685928 0.13216147 -0.00643389
-0.06823562 0.13514900 -0.00783900
-0.05938666 0.13221964 -0.00676005
-0.05226751 0.13170102 -0.00325762
-0.04603235 0.12841962 -0.00122664
-0.00917489 0.12829976 -0.00099814
-0.00407395 0.12870111 -0.00204516
0.00415847 0.12881261 -0.00234341
0.01048143 0.12855878 -0.00120138
-0.08150460 0.13913913 -0.00175526
-0.07636211 0.13988456 -0.00572078
-0.06769807 0.13888434 -0.00771290
-0.05975179 0.14013156 -0.00521775
-0.05415380 0.13935843 -0.00178503
-0.08058915 0.14556949 -0.00107667
-0.07739443 0.14817236 -0.00466919
-0.06053202 0.14810592 -0.00341485
-0.05168842 0.14819928 -0.00238657
-0.04421921 0.14905885 -0.00355354
-0.03770875 0.15071614 -0.00327907
-0.07558646 0.15568793 -0.00454048
-0.06758739 0.15613741 -0.00387665
-0.05933689 0.15342075 -0.00223806
-0.05189405 0.15645608 -0.00393869
-0.04472103 0.15425575 -0.00719041
-0.03477013 0.15299329 -0.00505854
-0.02805213 0.15580027 -0.00359225
-0.02179626 0.15839303 -0.00515405
-0.07048070 0.16020000 -0.00768602
-0.05029779 0.16346937 -0.00342570
-0.04672959 0.16451994 -0.00693882
-0.03478797 0.16412561 -0.00218795
-0.02839617 0.16370097 -0.00499199
-0.02050152 0.16183548 -0.00584598
-0.04366757 0.17061332 -0.00407625
-0.03553125 0.17246805 -0.00286225
-0.03025069 0.17253140 -0.00599563
-0.03412030 0.17695607 -0.00592780
-0.02896439 0.17867954 -0.00637525
-0.07244790 0.03615740 0.00440760
-0.06896665 0.03496198 0.00377238
-0.05981759 0.03350840 0.00403809
-0.05178865 0.03355008 0.00399734
-0.04404081 0.03377420 0.00446202
-0.03767434 0.03369720 0.00474350
-0.02739813 0.03820461 0.00359271
-0.01983208 0.03831191 0.00399106
-0.01172891 0.03849402 0.00403983
-0.00393476 0.03834930 0.00412076
0.00383099 0.03487865 0.00406439
0.01183848 0.03471136 0.00257627
0.01978720 0.03489267 0.00371070
0.02755795 0.03547322 0.00412807
0.03597179 0.03778434 0.00405773
0.04114085 0.03936538 0.00620265
-0.06815628 0.04328842 0.00408581
-0.06178240 0.04668948 0.00414065
0.04442113 0.04227052 0.00326375
0.05070413 0.04618309 0.00425295
-0.05743613 0.05132789 0.00405768
-0.05594640 0.05412555 0.00767881
0.05441599 0.05113864 0.00252893
0.05703574 0.05350972 0.00530043
-0.06764190 0.06203970 0.00422723
-0.05937270 0.05854700 0.00408080
0.05567624 0.05990640 0.00046858
0.05834793 0.06011002 0.00414136
-0.08031660 0.07196955 0.00608392
-0.07559086 0.06808460 0.00440338
-0.07055078 0.06468002 0.00121746
0.04584473 0.06934355 0.00197378
0.05224430 0.06934712 0.00308586
0.05776080 0.06767792 0.00492248
-0.08274625 0.07618076 0.00426036
-0.07903475 0.07323240 0.00103177
0.04581366 0.07582048 0.00375110
0.05218171 0.07234166 0.00748200
-0.08831515 0.08743782 0.00597540
-0.08588383 0.08358476 0.00380611
0.04550077 0.08407801 0.00369177
-0.08845039 0.09147805 0.00659984
-0.08689219 0.09232102 0.00285405
0.04488885 0.09246567 0.00367892
-0.08841438 0.09824429 0.00691805
-0.08656634 0.10045332 0.00348265
0.04273088 0.10007866 0.00367556
-0.08490527 0.10824066 0.00385252
0.03809648 0.10886029 0.00360362
0.04078234 0.10496607 0.00430650
-0.08990873 0.11751211 0.00510158
-0.08637325 0.11517530 0.00213581
0.03033639 0.11867013 0.00358840
0.03407159 0.11484064 0.00419018
-0.08973910 0.12384174 0.00405720
-0.08794820 0.12532750 0.00026872
-0.04004380 0.12799799 0.00072592
-0.03511195 0.12699871 0.00369273
-0.02816492 0.12531158 0.00387261
-0.02022532 0.12667201 0.00368190
-0.01492072 0.12769300 0.00190393
0.01498773 0.12787533 0.00052462
0.02043272 0.12588504 0.00365443
0.02648664 0.12194349 0.00434328
-0.08949728 0.13117148 0.00491421
-0.08679087 0.13235886 0.00122371
-0.04898348 0.13416231 0.00280677
-0.04457715 0.12991840 0.00403186
-0.03868191 0.12824056 0.00547062
-0.01661770 0.12817399 0.00644307
-0.01146559 0.12904073 0.00432953
-0.00386329 0.13027890 0.00375357
0.00415159 0.13078630 0.00368172
0.01191834 0.12968241 0.00394024
0.01667930 0.12826283 0.00559742
-0.08857310 0.13638450 0.00670609
-0.08529165 0.13991512 0.00357913
-0.05019379 0.14019607 0.00370655
-0.08348309 0.14799780 0.00396001
-0.07974570 0.15096666 0.00049862
-0.04885261 0.14443591 0.00332593
-0.04437868 0.14759599 0.00420949
-0.03865596 0.15039913 0.00168872
-0.08155923 0.15289825 0.00587310
-0.07569014 0.15473568 0.00374409
-0.06782461 0.15519835 0.00392452
-0.05984427 0.15611239 0.00333147
-0.05531126 0.15943559 0.00557172
-0.04302169 0.15611260 0.00608712
-0.03621623 0.15582190 0.00292536
-0.03003430 0.15834118 0.00103523
-0.05146062 0.16284566 0.00371790
-0.04403381 0.16396274 0.00458404
-0.03850210 0.16384000 0.00148958
-0.04300804 0.16902293 0.00157192
-0.03768755 0.16972198 0.00120966
-0.07216465 0.03606035 0.00822788
-0.06787879 0.03614962 0.01181360
-0.06016497 0.03384880 0.01203888
-0.05304650 0.03386448 0.01111963
-0.04303444 0.03549247 0.00859954
-0.03579331 0.03442072 0.01144743
-0.02694777 0.03703285 0.01224424
-0.01987473 0.03817163 0.01199498
-0.01225860 0.03834372 0.01199532
-0.00362116 0.03740005 0.01200383
0.00291590 0.03423157 0.01225408
0.02265366 0.03546670 0.01151919
0.02783769 0.03482884 0.01217589
0.03610893 0.03687056 0.01230854
0.04146608 0.03936349 0.01205969
-0.06644411 0.04233271 0.01062020
-0.06028848 0.04464586 0.01231656
-0.05411579 0.04660169 0.01428038
0.04541631 0.04126604 0.01183780
0.05162070 0.04545701 0.01171368
-0.05651145 0.04947500 0.00899334
-0.05290109 0.05237440 0.01243332
0.05580973 0.04940070 0.00919741
0.05788394 0.05258561 0.01188448
-0.07227072 0.06366585 0.01161359
-0.06815147 0.06109137 0.01229684
-0.06000159 0.05828366 0.01199363
-0.05496874 0.05630334 0.01029705
0.06043480 0.06023451 0.01166098
-0.07667295 0.06800497 0.01200203
0.05954822 0.06855196 0.01169187
-0.08300585 0.07571061 0.01219998
0.04669329 0.07636695 0.01165308
0.05210982 0.07320569 0.01202776
0.05663366 0.07247201 0.01298780
-0.08852206 0.08711626 0.01183205
-0.08675262 0.08311614 0.01202959
0.04601482 0.08412632 0.01167173
-0.08926893 0.09223055 0.01194322
0.04515368 0.09249440 0.01166228
-0.08900190 0.10005148 0.01215202
-0.08781239 0.10330425 0.00913955
0.04308118 0.10011490 0.01166146
-0.08908896 0.11189562 0.01184791
-0.08691264 0.10770265 0.01186033
0.03838287 0.10944576 0.01206777
0.04081319 0.10535796 0.01126360
-0.09204386 0.11591098 0.01189707
0.03098231 0.11897600 0.01203949
0.03436752 0.11498754 0.01212780
-0.09315840 0.12343914 0.01177498
-0.04064630 0.12780400 0.01525350
-0.03520432 0.12731029 0.01245657
-0.02839848 0.12593256 0.01213736
-0.02130684 0.12723114 0.01193595
0.02114584 0.12642829 0.01191146
0.02695650 0.12251144 0.01204091
-0.09168541 0.13162814 0.01173341
-0.04818600 0.13557900 0.00839494
-0.04476860 0.13144818 0.01193905
-0.03868976 0.12830418 0.01042347
-0.01724645 0.12834933 0.01225282
-0.01193964 0.12965415 0.01197168
-0.00398101 0.13101247 0.01215492
0.00414373 0.13160601 0.01209788
0.01221958 0.13031070 0.01191436
0.01715907 0.12844764 0.01221977
-0.08938974 0.13940482 0.01247182
-0.08721770 0.14139809 0.00909413
-0.04917060 0.13987789 0.01213725
-0.08969580 0.14804018 0.01268051
-0.08690954 0.14939660 0.00920288
-0.05028806 0.14763772 0.01244669
-0.04698991 0.14920209 0.00890768
-0.08335748 0.15376884 0.01241771
-0.07599419 0.15562868 0.01202352
-0.06803776 0.15597357 0.01192429
-0.05991580 0.15588920 0.01205355
-0.05200876 0.15537094 0.01132104
-0.04675447 0.15486260 0.00890172
-0.06451768 0.03640208 0.01783814
-0.06073354 0.03572615 0.01944267
-0.05439472 0.03361485 0.02071974
-0.03440768 0.03433763 0.01998228
-0.02798482 0.03658914 0.01993246
-0.02015621 0.03814824 0.02001201
-0.01190799 0.03833349 0.02002709
-0.00348805 0.03814539 0.01974522
0.00346595 0.03542878 0.02032962
0.01128485 0.03462698 0.02156939
0.02068499 0.03504767 0.02081141
0.02801148 0.03593612 0.02010711
0.03553268 0.03803064 0.01990320
0.04077025 0.03964100 0.01817078
-0.05864244 0.04199864 0.01984504
-0.05297538 0.04573134 0.02009316
0.03944405 0.04016880 0.02244740
0.04434678 0.04195437 0.02026605
0.05104613 0.04588382 0.01968640
-0.05104671 0.05200978 0.02005453
0.05447603 0.04984865 0.02132371
0.05764663 0.05339121 0.01943555
-0.07211860 0.06371080 0.01736760
-0.06763074 0.06210118 0.01985515
-0.06031673 0.05971351 0.02023645
-0.05359919 0.05763233 0.02132651
0.05931267 0.06021090 0.02000331
-0.08030510 0.07192290 0.01750510
-0.07577156 0.06840713 0.01989250
-0.07096294 0.06511791 0.02226782
0.04635428 0.07075127 0.02188576
0.05195633 0.07101782 0.02239587
0.05849169 0.06811465 0.01978836
-0.08257970 0.07648350 0.01967484
-0.07941643 0.07291429 0.02157529
0.04577161 0.07582149 0.02020737
0.05233930 0.07280660 0.01848941
0.05659600 0.07234615 0.01667940
-0.08845556 0.08751792 0.01845964
-0.08618836 0.08368460 0.02023669
0.04543148 0.08378490 0.01977281
-0.08908023 0.09237350 0.02005693
-0.08777600 0.08919060 0.02351470
0.04439336 0.09244943 0.01966030
-0.08880026 0.09935302 0.01941766
-0.08732088 0.10239070 0.02179849
0.04211143 0.10007082 0.01966383
-0.08894436 0.11189421 0.01832994
-0.08623220 0.10805497 0.02003823
0.03811354 0.10876169 0.01993440
0.04045902 0.10463919 0.01856459
-0.09179222 0.11531042 0.01985471
-0.08732446 0.11224000 0.02296945
0.03060009 0.11877175 0.02035053
0.03399288 0.11493185 0.01995678
-0.09434992 0.12350313 0.01977289
-0.04291902 0.12601067 0.02075442
-0.03584831 0.12569939 0.02005820
-0.02826982 0.12420201 0.02010590
-0.02041014 0.12616882 0.02030144
-0.01468700 0.12774925 0.02276105
0.01569175 0.12778150 0.02330490
0.02034548 0.12624165 0.02016689
0.02671758 0.12222111 0.01981450
-0.09237770 0.13169067 0.01972863
-0.04875211 0.13515408 0.02121286
-0.04610897 0.13146515 0.01958204
-0.01708445 0.12814325 0.01752700
-0.01161730 0.12926911 0.01959112
-0.00377421 0.13051891 0.02011808
0.00425302 0.13096827 0.01999710
0.01207901 0.12979488 0.01991795
0.01666836 0.12846039 0.01780324
-0.09098256 0.13992032 0.01968019
-0.05098221 0.13993675 0.02001903
-0.09075617 0.14841382 0.01966542
-0.05265762 0.14810620 0.01974216
-0.08862320 0.15207399 0.01822970
-0.08391557 0.15386161 0.02002155
-0.07601947 0.15582308 0.02004344
-0.06803529 0.15628012 0.01991007
-0.05996737 0.15557624 0.02008923
-0.05459313 0.15342769 0.01998641
-0.06541601 0.03653207 0.02877500
-0.06007920 0.03447555 0.02783734
-0.05191635 0.03419697 0.02829505
-0.04367837 0.03418355 0.02912817
-0.03601077 0.03447124 0.02792766
-0.02773062 0.03786483 0.02801812
-0.01990393 0.03843386 0.02793517
-0.01210145 0.03861624 0.02805419
-0.00417373 0.03881262 0.02805140
0.00440205 0.03828845 0.02754323
0.01149200 0.03556647 0.02816250
0.02006716 0.03541039 0.02776931
0.02725559 0.03813822 0.02694781
0.03395560 0.03950383 0.02526272
-0.06453602 0.04169189 0.02977115
-0.06056923 0.04434236 0.02789617
-0.05478044 0.04735783 0.02666826
0.02999379 0.04241277 0.03005370
0.03609604 0.04369446 0.02883435
0.04334701 0.04517173 0.02772316
0.04861687 0.04659347 0.02515453
-0.05672580 0.04804050 0.03166840
-0.05221987 0.05246342 0.02819915
0.03693957 0.05167392 0.03160848
0.04575222 0.05068537 0.03080771
0.05131958 0.05236631 0.02747359
0.05603370 0.05530310 0.02459520
-0.06528775 0.06342234 0.02560102
-0.05971628 0.06255874 0.02741482
-0.05289571 0.06000194 0.02886068
0.03902493 0.05922069 0.03122528
0.04368998 0.06067587 0.03034598
0.05223378 0.06020432 0.02890640
0.05670913 0.06033012 0.02513529
-0.07437360 0.07002644 0.02737268
-0.06846878 0.06659284 0.02839114
-0.06198847 0.06476616 0.03074636
0.04303521 0.06771657 0.02800241
0.05221162 0.06727375 0.02624197
0.05676142 0.06550573 0.02489300
-0.08143786 0.07804784 0.02704003
-0.07796878 0.07497385 0.02893493
0.04271922 0.07589392 0.02799673
-0.08359183 0.08359847 0.02813190
0.04292422 0.08393928 0.02775388
-0.08528373 0.09176647 0.02808745
0.03974507 0.09403926 0.03126704
0.04191734 0.09202873 0.02761925
-0.08447856 0.10002703 0.02814506
0.03845584 0.10081470 0.02920526
0.04089433 0.09885175 0.02584995
-0.08308149 0.10819293 0.02797431
-0.07962414 0.10566067 0.03168707
0.03152110 0.11073950 0.03167980
0.03593834 0.10786185 0.02776014
-0.09080297 0.11629045 0.02764123
-0.08682235 0.11274750 0.02823133
-0.04898444 0.11882871 0.03122031
-0.04467500 0.11848710 0.03037255
-0.03568996 0.11857915 0.03069211
-0.02826011 0.11883570 0.03033275
-0.02354670 0.11949900 0.03165370
0.02345000 0.11935550 0.03143585
0.02873512 0.11673129 0.02874294
0.03328241 0.11343500 0.02648677
-0.09306893 0.12352356 0.02777921
-0.04886823 0.12437528 0.03068302
-0.04517293 0.12302505 0.02676761
-0.03597826 0.12212769 0.02696798
-0.02783340 0.12133497 0.02651530
-0.01993331 0.12303510 0.02812157
-0.01214943 0.12573105 0.02889533
-0.00397004 0.12669981 0.03029086
0.00405545 0.12689488 0.03006796
0.01280625 0.12607028 0.02917708
0.02005638 0.12346362 0.02802137
0.02560056 0.12128712 0.02607657
-0.09130424 0.13172485 0.02772974
-0.05036120 0.13260640 0.02876669
-0.04726054 0.12951180 0.02567091
-0.00995111 0.12834750 0.02531187
-0.00408037 0.12895672 0.02620672
0.00394685 0.12922280 0.02620978
0.01061210 0.12878273 0.02550504
-0.08979686 0.14000233 0.02768961
-0.05659373 0.14132722 0.03144087
-0.05361013 0.13962451 0.02775840
-0.08976352 0.14688450 0.02704646
-0.08603184 0.15041360 0.02884916
-0.05675111 0.14851274 0.03132658
-0.05457871 0.14816935 0.02711722
-0.08237758 0.15310676 0.02703575
-0.07597473 0.15451834 0.02811314
-0.06795900 0.15516099 0.02804366
-0.05983743 0.15430509 0.02802183
-0.05511660 0.15293337 0.02589274
-0.06584940 0.03664309 0.03609771
-0.06023566 0.03442299 0.03604387
-0.05232444 0.03450352 0.03601858
-0.04422594 0.03454859 0.03596310
-0.03656017 0.03460057 0.03607529
-0.02714063 0.03865065 0.03488892
-0.01987469 0.03899231 0.03595165
-0.01213682 0.03915114 0.03567970
-0.00397524 0.03890259 0.03508676
0.00421039 0.03734178 0.03561727
0.01221053 0.03512399 0.03577159
0.02012499 0.03651522 0.03594268
0.02476025 0.03915817 0.03301045
-0.06489013 0.04184853 0.03574259
-0.06163476 0.04556792 0.03665712
-0.05132972 0.04776113 0.03966866
-0.04600008 0.04780520 0.03972708
-0.03750124 0.04782416 0.03973026
0.02347674 0.04328492 0.03932199
0.02695859 0.04445672 0.03594129
-0.05703192 0.04816120 0.03559394
-0.05095051 0.05128869 0.03553563
-0.04416686 0.05214912 0.03873699
-0.03597553 0.05190700 0.03872181
-0.02885063 0.05354240 0.03763025
0.02385790 0.04907570 0.03952360
0.02882295 0.05145921 0.03771608
0.03469061 0.05224559 0.03359145
0.04279257 0.05253576 0.03234275
-0.04980620 0.06033638 0.03414379
-0.04540303 0.05916833 0.03844809
-0.03471444 0.05865187 0.03900992
-0.02832034 0.05973211 0.03794893
0.03101307 0.05676875 0.03942170
0.03564347 0.05993713 0.03616509
0.04552270 0.05694364 0.03209880
-0.07216525 0.07141535 0.03266205
-0.06729226 0.06977127 0.03432561
-0.05968335 0.06821994 0.03604795
-0.05193739 0.06725705 0.03688686
-0.04633055 0.06587154 0.03901979
-0.03284257 0.06517304 0.03962743
-0.02922116 0.06731624 0.03914090
0.03682782 0.06797352 0.03649751
-0.07495999 0.07670371 0.03453154
-0.06878652 0.07497367 0.03791092
-0.06270692 0.07274445 0.03924062
0.03723232 0.07597147 0.03657914
0.04049280 0.07594988 0.03217240
-0.08099318 0.08502368 0.03319829
-0.07658355 0.08360390 0.03703579
-0.07119520 0.08055770 0.03977620
0.03732223 0.08412699 0.03660253
0.04044925 0.08371170 0.03263125
-0.08125787 0.09195310 0.03324382
-0.07728166 0.09221370 0.03740301
0.03695225 0.09233071 0.03619263
-0.08088335 0.09839931 0.03298641
-0.07626738 0.10027482 0.03637181
-0.07065611 0.10166875 0.03940780
0.03005267 0.10174239 0.03835611
0.03476491 0.09951155 0.03519540
-0.08826020 0.11193400 0.03738370
-0.08392346 0.11056685 0.03625903
-0.07640938 0.10723034 0.03628651
-0.06822594 0.10776144 0.03829415
-0.06001465 0.10905568 0.03825664
-0.05188097 0.10890564 0.03840664
-0.04361732 0.10913110 0.03830219
-0.03625040 0.10797298 0.03793653
-0.02854627 0.10950099 0.03840404
-0.02230910 0.11102080 0.03952644
0.01224934 0.11068666 0.03957534
0.02082536 0.10916076 0.03888604
0.02806248 0.10804154 0.03631633
0.03300144 0.10577967 0.03325318
-0.09137368 0.11565105 0.03585997
-0.08782610 0.11219000 0.03370970
-0.06478980 0.11239000 0.03864285
-0.05929569 0.11532638 0.03759766
-0.05234026 0.11615562 0.03475778
-0.04379866 0.11445202 0.03415948
-0.03599711 0.11444392 0.03373526
-0.02790819 0.11471144 0.03432165
-0.01993705 0.11604224 0.03651204
-0.01240780 0.11739765 0.03806283
-0.00426442 0.11843126 0.03871215
0.00450052 0.11773658 0.03852022
0.01177343 0.11613978 0.03750843
0.02008742 0.11595064 0.03541473
0.02651265 0.11397611 0.03355342
-0.09269034 0.12355883 0.03577032
-0.05680500 0.12428850 0.03957681
-0.05282280 0.12400886 0.03569630
-0.01799822 0.12091650 0.03301545
-0.01163272 0.12216373 0.03433076
-0.00382037 0.12314562 0.03472887
0.00412795 0.12302643 0.03450577
0.01178771 0.12229244 0.03396875
0.01852672 0.12080756 0.03283726
-0.09047784 0.13179804 0.03588572
-0.05944466 0.13246028 0.03760194
-0.05374615 0.13085674 0.03423256
-0.08920987 0.13945158 0.03539825
-0.08716633 0.14232022 0.03841337
-0.06427017 0.14105977 0.03930272
-0.06052120 0.14023714 0.03517763
-0.08832665 0.14453550 0.03301555
-0.08379508 0.14759307 0.03587750
-0.07670134 0.15014547 0.03741780
-0.06760645 0.14954296 0.03818408
-0.06052184 0.14847621 0.03554255
-0.07484109 0.15271606 0.03372859
-0.06771840 0.15299965 0.03403654
-0.06121886 0.15281114 0.03332289
-0.06465886 0.03668671 0.04068534
-0.06008818 0.03647098 0.04381347
-0.05204076 0.03601489 0.04478293
-0.04419893 0.03638657 0.04333340
-0.03617429 0.03621863 0.04411389
-0.02855526 0.03478534 0.04463489
-0.02019010 0.03478988 0.04581128
-0.01184842 0.03477098 0.04510910
-0.00354998 0.03571170 0.04507744
0.00365721 0.03647392 0.04453784
0.01182124 0.03632779 0.04328817
0.01860039 0.03802053 0.04197716
-0.05956468 0.04323704 0.04318757
-0.05215742 0.04367564 0.04421260
-0.04405526 0.04380313 0.04238846
-0.03613764 0.04410570 0.04348248
-0.03031124 0.04711304 0.04651553
-0.01016905 0.04693700 0.04779972
-0.00322602 0.04366450 0.04717935
0.00403434 0.04274879 0.04601635
0.01209585 0.04406770 0.04496433
0.01985636 0.04403429 0.04223626
-0.03299681 0.04888634 0.04144416
-0.02737899 0.05085063 0.04324001
-0.02071336 0.05219119 0.04572338
-0.01515853 0.04906750 0.04782876
0.01402648 0.04994408 0.04673208
0.02035257 0.05190609 0.04424658
0.02586047 0.05407830 0.04125574
-0.04203897 0.06094961 0.04055744
-0.03763968 0.06125527 0.04082385
-0.02486598 0.06013149 0.04100254
-0.02205988 0.06011805 0.04509035
0.02236985 0.05961452 0.04658910
0.02770783 0.06011194 0.04270116
0.03268925 0.06262120 0.04015600
-0.04863830 0.07168585 0.04039355
-0.04373358 0.06882785 0.04123467
-0.03621019 0.06856915 0.04141535
-0.02601554 0.06869325 0.04264313
-0.02307418 0.06709142 0.04636625
0.02256221 0.06710115 0.04672021
0.02796273 0.06803138 0.04304720
0.03272627 0.06801278 0.04024020
-0.06635761 0.07808216 0.04094989
-0.05992414 0.07593960 0.04190319
-0.05208727 0.07564493 0.04248811
-0.04399617 0.07618878 0.04261862
-0.03600363 0.07613753 0.04196756
-0.02809125 0.07561129 0.04369403
0.02824498 0.07597735 0.04468084
0.03318228 0.07673185 0.04108956
-0.07280507 0.08605555 0.04050213
-0.06800520 0.08412372 0.04261305
-0.05999248 0.08403306 0.04418546
-0.05199532 0.08409041 0.04497026
-0.04399530 0.08395550 0.04328024
-0.03599753 0.08394309 0.04301776
-0.02943659 0.08393163 0.04478654
0.02830552 0.08433511 0.04499712
0.03352265 0.08442527 0.04134257
-0.07336679 0.09171626 0.04075684
-0.06820748 0.09222527 0.04273732
-0.05999459 0.09251911 0.04483080
-0.05216331 0.09226181 0.04447832
-0.04391246 0.09231725 0.04301029
-0.03611838 0.09229577 0.04376915
-0.02795300 0.09229136 0.04520417
-0.02268589 0.09546065 0.04634987
0.02116145 0.09338065 0.04748686
0.02801723 0.09223586 0.04432097
0.03330068 0.09134647 0.04102148
-0.07265633 0.09732363 0.04026366
-0.06767871 0.09953837 0.04133516
-0.05999681 0.10013710 0.04255719
-0.05182155 0.09985819 0.04274033
-0.04407735 0.10000993 0.04208516
-0.03585397 0.09991457 0.04221543
-0.02799533 0.09959914 0.04366760
-0.02003406 0.10015046 0.04437925
-0.01255054 0.10117698 0.04481685
-0.00368359 0.10153095 0.04511980
0.00379422 0.10151026 0.04552997
0.01246506 0.10120790 0.04709555
0.02015502 0.09998422 0.04562821
0.02703471 0.09929429 0.04209051
-0.08299034 0.11099416 0.04237219
-0.07589763 0.11031389 0.04373023
-0.06956326 0.11019112 0.04286410
-0.05999627 0.10498100 0.04083301
-0.05228281 0.10487171 0.04055708
-0.04460317 0.10545794 0.04068710
-0.03325895 0.10462225 0.04039977
-0.02736190 0.10571323 0.04113169
-0.01973038 0.10749125 0.04174934
-0.01198816 0.10792089 0.04279828
-0.00389189 0.10787296 0.04342970
0.00412131 0.10804567 0.04218255
0.01182229 0.10697228 0.04228853
0.01919417 0.10591546 0.04200622
-0.09019029 0.11628319 0.04301975
-0.08506417 0.11425159 0.04588317
-0.07759098 0.11284708 0.04716798
-0.06610950 0.11423324 0.04479253
-0.06237544 0.11822999 0.04290882
-0.01109025 0.11359961 0.04070866
-0.00376194 0.11439275 0.04109786
0.00359924 0.11392123 0.04088829
0.00823253 0.11233600 0.04015450
-0.09081135 0.12339913 0.04378596
-0.08746624 0.12416843 0.04739925
-0.06450186 0.12558682 0.04720278
-0.06108272 0.12395384 0.04297089
-0.08936071 0.13094907 0.04233082
-0.08668776 0.13271831 0.04610509
-0.06623566 0.13243710 0.04464199
-0.06241145 0.12949263 0.04137768
-0.08846787 0.13692133 0.04065177
-0.08422956 0.13990408 0.04378776
-0.07624239 0.14166616 0.04661189
-0.06789815 0.14017540 0.04404823
-0.08152764 0.14512685 0.04125056
-0.07591119 0.14626838 0.04263362
-0.06942298 0.14653845 0.04178914
-0.03338493 0.03742700 0.04951061
-0.02798286 0.03657763 0.05197605
-0.02003674 0.03634344 0.05183589
-0.01211576 0.03702846 0.04999486
-0.00576830 0.03763448 0.04852137
-0.03321392 0.04202803 0.04929280
-0.02773039 0.04376018 0.05148802
-0.01994933 0.04398793 0.05238434
-0.01217452 0.04349100 0.04985997
-0.00525496 0.04438290 0.04869469
0.00419076 0.04686603 0.04927133
0.00897819 0.04729785 0.04858930
-0.02548243 0.04866573 0.04894847
-0.01870175 0.05240640 0.04920454
-0.01194009 0.05219702 0.05069789
-0.00399558 0.05190999 0.05277962
0.00400380 0.05189086 0.05259597
0.01138909 0.05240264 0.05029817
0.01758720 0.05494123 0.04811863
-0.01827467 0.06049299 0.05039996
-0.01215772 0.05983391 0.05365911
-0.00414457 0.05860614 0.05465342
0.00477853 0.05896338 0.05444639
0.01195399 0.05955148 0.05185370
0.01843273 0.05996776 0.04880799
-0.01945417 0.06828760 0.05189454
-0.01231087 0.06769384 0.05478350
-0.00725064 0.06750670 0.05591142
0.00542242 0.06820906 0.05566928
0.01194723 0.06787927 0.05375544
0.01891061 0.06829499 0.04994571
-0.02536673 0.07783823 0.05045796
-0.02088007 0.07531302 0.05354236
-0.01429522 0.07332568 0.05566754
0.00622753 0.07920148 0.05574786
0.01207427 0.07608610 0.05456660
0.02007525 0.07614391 0.05104356
0.02460066 0.07849111 0.04863850
-0.02600840 0.08434321 0.05109122
-0.02253426 0.08508215 0.05504340
0.00725250 0.08164090 0.05570127
0.01209944 0.08425841 0.05387700
0.02000670 0.08442459 0.05028386
0.02454450 0.08198760 0.04858462
-0.02510256 0.09016564 0.04973635
-0.02000864 0.09246878 0.05265425
-0.01239205 0.09421947 0.05474277
-0.00360320 0.09424865 0.05521121
0.00430033 0.09238076 0.05455963
0.01223146 0.09175514 0.05229680
0.01873182 0.09081258 0.04886675
-0.01699876 0.09674916 0.05001850
-0.01173573 0.09771926 0.05091742
-0.00395191 0.09831329 0.05146975
0.00344372 0.09802744 0.05062238
0.01127485 0.09745469 0.04889572
-0.08321168 0.11768031 0.04865303
-0.07606225 0.11610867 0.05080173
-0.06877259 0.11616594 0.05061971
-0.08352663 0.12403402 0.04995130
-0.07609595 0.12378436 0.05268681
-0.06796144 0.12349013 0.05141540
-0.08295799 0.13156317 0.05041803
-0.07573500 0.13227493 0.05178504
-0.06994812 0.13130623 0.04959717
-0.08123990 0.13734834 0.04851932
-0.07573555 0.13820803 0.04899959
-0.07144540 0.13689801 0.04860090
-0.00850113 0.06335750 0.05607990
-0.00364139 0.06268167 0.05630782
0.00250712 0.06229566 0.05644170
-0.00928675 0.07118972 0.05665324
-0.00370268 0.06833394 0.05686405
0.00271053 0.06820831 0.05635048
-0.01821707 0.07860270 0.05634063
-0.01167140 0.07628476 0.05704069
-0.00399963 0.07602706 0.05833198
0.00379223 0.07559018 0.05669555
0.00851183 0.07446653 0.05611183
-0.01880051 0.08338794 0.05697026
-0.01199853 0.08358252 0.05737512
-0.00399741 0.08358374 0.05734538
0.00374283 0.08389037 0.05688751
0.00828387 0.08599030 0.05600920
-0.01724578 0.08870995 0.05624688
-0.01173904 0.09026281 0.05658571
-0.00425353 0.09026898 0.05658123
0.00250583 0.08872419 0.05628039
